1459476370.42, 35
1459476370.52, 35
1459476370.62, 34
1459476370.72, 33
1459476370.82, 34
1459476370.93, 35
1459476371.03, 34
1459476371.13, 34
1459476371.23, 35
1459476371.33, 35
1459476371.43, 35
1459476371.53, 35
1459476371.63, 34
1459476371.73, 35
1459476371.83, 34
1459476371.93, 34
1459476372.04, 33
1459476372.14, 35
1459476372.24, 35
1459476372.34, 35
1459476372.44, 35
1459476372.54, 35
1459476372.64, 34
1459476372.74, 35
1459476372.85, 35
1459476372.95, 35
1459476373.05, 35
1459476373.15, 35
1459476373.25, 35
1459476373.35, 34
1459476373.45, 35
1459476373.55, 35
1459476373.65, 35
1459476373.75, 35
1459476373.86, 35
1459476373.96, 35
1459476374.06, 35
1459476374.16, 34
1459476374.26, 35
1459476374.36, 35
1459476374.46, 36
1459476374.56, 34
1459476374.66, 34
1459476374.76, 34
1459476374.86, 34
1459476374.97, 35
1459476375.07, 36
1459476375.17, 35
1459476375.27, 35
1459476375.37, 35
1459476375.47, 35
1459476375.57, 34
1459476375.67, 35
1459476375.78, 35
1459476375.88, 34
1459476375.98, 35
1459476376.08, 35
1459476376.18, 35
1459476376.28, 34
1459476376.38, 35
1459476376.48, 35
1459476376.58, 34
1459476376.68, 35
1459476376.79, 35
1459476376.89, 35
1459476376.99, 34
1459476377.09, 35
1459476377.19, 35
1459476377.29, 35
1459476377.39, 34
1459476377.49, 35
1459476377.59, 34
1459476377.69, 35
1459476377.79, 35
1459476377.9, 36
1459476378.0, 35
1459476378.1, 34
1459476378.2, 33
1459476378.3, 35
1459476378.4, 34
1459476378.51, 35
1459476378.61, 35
1459476378.71, 35
1459476378.81, 33
1459476378.91, 34
1459476379.01, 35
1459476379.11, 34
1459476379.21, 34
1459476379.31, 34
1459476379.41, 34
1459476379.51, 34
1459476379.62, 34
1459476379.72, 34
1459476379.82, 35
1459476379.92, 34
1459476380.02, 34
1459476380.12, 35
1459476380.22, 34
1459476380.32, 34
1459476380.43, 36
1459476380.53, 35
1459476380.63, 34
1459476380.73, 35
1459476380.83, 34
1459476380.93, 34
1459476381.03, 33
1459476381.13, 35
1459476381.23, 35
1459476381.33, 34
1459476381.43, 33
1459476381.54, 34
1459476381.64, 34
1459476381.74, 35
1459476381.84, 34
1459476381.94, 34
1459476382.04, 34
1459476382.14, 35
1459476382.24, 34
1459476382.34, 34
1459476382.44, 35
1459476382.54, 34
1459476382.65, 34
1459476382.75, 33
1459476382.85, 34
1459476382.95, 35
1459476383.05, 34
1459476383.15, 34
1459476383.25, 34
1459476383.36, 34
1459476383.46, 33
1459476383.56, 34
1459476383.66, 34
1459476383.76, 34
1459476383.86, 34
1459476383.96, 33
1459476384.06, 33
1459476384.16, 33
1459476384.26, 35
1459476384.36, 34
1459476384.47, 34
1459476384.57, 33
1459476384.67, 33
1459476384.77, 34
1459476384.87, 34
1459476384.97, 33
1459476385.07, 34
1459476385.17, 34
1459476385.27, 34
1459476385.37, 34
1459476385.48, 35
1459476385.58, 34
1459476385.68, 34
1459476385.78, 34
1459476385.88, 35
1459476385.98, 35
1459476386.08, 34
1459476386.18, 35
1459476386.29, 34
1459476386.39, 33
1459476386.49, 33
1459476386.59, 33
1459476386.69, 34
1459476386.79, 33
1459476386.89, 34
1459476386.99, 33
1459476387.09, 33
1459476387.19, 32
1459476387.29, 34
1459476387.4, 35
1459476387.5, 34
1459476387.6, 33
1459476387.7, 32
1459476387.8, 33
1459476387.9, 34
1459476388.0, 34
1459476388.1, 33
1459476388.21, 33
1459476388.31, 32
1459476388.41, 33
1459476388.51, 32
1459476388.61, 34
1459476388.71, 33
1459476388.81, 33
1459476388.91, 34
1459476389.01, 33
1459476389.11, 34
1459476389.21, 33
1459476389.32, 33
1459476389.42, 33
1459476389.52, 33
1459476389.62, 33
1459476389.72, 34
1459476389.82, 33
1459476389.92, 33
1459476390.02, 33
1459476390.12, 34
1459476390.22, 33
1459476390.32, 34
1459476390.43, 34
1459476390.53, 33
1459476390.63, 32
1459476390.73, 33
1459476390.83, 34
1459476390.93, 33
1459476391.04, 32
1459476391.14, 32
1459476391.24, 32
1459476391.34, 34
1459476391.44, 34
1459476391.54, 32
1459476391.64, 33
1459476391.74, 31
1459476391.84, 33
1459476391.94, 33
1459476392.04, 33
1459476392.15, 33
1459476392.25, 32
1459476392.35, 33
1459476392.45, 34
1459476392.55, 33
1459476392.65, 33
1459476392.75, 33
1459476392.85, 33
1459476392.95, 32
1459476393.06, 34
1459476393.16, 32
1459476393.26, 32
1459476393.36, 33
1459476393.46, 32
1459476393.56, 33
1459476393.66, 33
1459476393.76, 31
1459476393.87, 32
1459476393.97, 33
1459476394.07, 32
1459476394.17, 33
1459476394.27, 32
1459476394.37, 32
1459476394.47, 32
1459476394.57, 34
1459476394.67, 32
1459476394.77, 32
1459476394.87, 32
1459476394.98, 32
1459476395.08, 33
1459476395.18, 34
1459476395.28, 33
1459476395.38, 32
1459476395.48, 32
1459476395.58, 34
1459476395.68, 33
1459476395.79, 34
1459476395.89, 33
1459476395.99, 32
1459476396.09, 32
1459476396.19, 34
1459476396.29, 34
1459476396.39, 33
1459476396.49, 33
1459476396.59, 33
1459476396.69, 34
1459476396.79, 34
1459476396.9, 33
1459476397.0, 34
1459476397.1, 35
1459476397.2, 34
1459476397.3, 33
1459476397.4, 34
1459476397.5, 34
1459476397.6, 33
1459476397.7, 32
1459476397.8, 33
1459476397.9, 34
1459476398.01, 34
1459476398.11, 35
1459476398.21, 33
1459476398.31, 32
1459476398.41, 33
1459476398.51, 34
1459476398.62, 35
1459476398.72, 34
1459476398.82, 33
1459476398.92, 32
1459476399.02, 33
1459476399.12, 34
1459476399.22, 35
1459476399.32, 34
1459476399.42, 34
1459476399.52, 34
1459476399.62, 34
1459476399.73, 34
1459476399.83, 33
1459476399.93, 34
1459476400.03, 34
1459476400.13, 33
1459476400.23, 33
1459476400.33, 34
1459476400.43, 34
1459476400.53, 33
1459476400.64, 34
1459476400.74, 34
1459476400.84, 35
1459476400.94, 33
1459476401.04, 33
1459476401.14, 33
1459476401.24, 34
1459476401.34, 34
1459476401.44, 34
1459476401.54, 33
1459476401.65, 32
1459476401.75, 31
1459476401.85, 33
1459476401.95, 34
1459476402.05, 33
1459476402.15, 33
1459476402.25, 33
1459476402.35, 32
1459476402.45, 34
1459476402.55, 35
1459476402.65, 33
1459476402.76, 33
1459476402.86, 34
1459476402.96, 32
1459476403.06, 33
1459476403.16, 33
1459476403.26, 33
1459476403.36, 33
1459476403.47, 34
1459476403.57, 33
1459476403.67, 34
1459476403.77, 33
1459476403.87, 33
1459476403.97, 34
1459476404.07, 33
1459476404.17, 34
1459476404.27, 33
1459476404.37, 32
1459476404.47, 33
1459476404.58, 33
1459476404.68, 33
1459476404.78, 31
1459476404.88, 30
1459476404.98, 26
1459476405.08, 27
1459476405.18, 29
1459476405.28, 29
1459476405.38, 29
1459476405.48, 31
1459476405.59, 31
1459476405.69, 28
1459476405.79, 26
1459476405.89, 27
1459476405.99, 28
1459476406.09, 28
1459476406.19, 29
1459476406.3, 29
1459476406.4, 29
1459476406.5, 29
1459476406.6, 27
1459476406.7, 26
1459476406.8, 23
1459476406.9, 24
1459476407.0, 24
1459476407.1, 24
1459476407.2, 25
1459476407.3, 27
1459476407.41, 29
1459476407.51, 28
1459476407.61, 28
1459476407.71, 28
1459476407.81, 30
1459476407.91, 29
1459476408.01, 29
1459476408.11, 30
1459476408.21, 31
1459476408.32, 29
1459476408.42, 30
1459476408.52, 31
1459476408.62, 30
1459476408.72, 30
1459476408.82, 30
1459476408.92, 31
1459476409.02, 30
1459476409.12, 31
1459476409.22, 33
1459476409.33, 33
1459476409.43, 35
1459476409.53, 35
1459476409.63, 36
1459476409.73, 36
1459476409.83, 37
1459476409.93, 37
1459476410.03, 35
1459476410.13, 37
1459476410.23, 35
1459476410.33, 35
1459476410.44, 34
1459476410.54, 35
1459476410.64, 36
1459476410.74, 35
1459476410.84, 35
1459476410.94, 36
1459476411.04, 35
1459476411.15, 35
1459476411.25, 35
1459476411.35, 35
1459476411.45, 35
1459476411.55, 34
1459476411.65, 32
1459476411.75, 32
1459476411.85, 31
1459476411.95, 33
1459476412.05, 31
1459476412.15, 33
1459476412.26, 33
1459476412.36, 34
1459476412.46, 33
1459476412.56, 33
1459476412.66, 34
1459476412.76, 34
1459476412.86, 34
1459476412.96, 32
1459476413.06, 31
1459476413.16, 32
1459476413.27, 33
1459476413.37, 33
1459476413.47, 33
1459476413.57, 31
1459476413.67, 31
1459476413.77, 29
1459476413.87, 29
1459476413.97, 30
1459476414.07, 32
1459476414.18, 32
1459476414.28, 32
1459476414.38, 34
1459476414.48, 34
1459476414.58, 34
1459476414.68, 34
1459476414.78, 33
1459476414.88, 35
1459476414.98, 34
1459476415.08, 33
1459476415.18, 34
1459476415.29, 34
1459476415.39, 33
1459476415.49, 32
1459476415.59, 34
1459476415.69, 35
1459476415.79, 34
1459476415.9, 32
1459476416.0, 32
1459476416.1, 32
1459476416.2, 33
1459476416.3, 34
1459476416.4, 33
1459476416.5, 32
1459476416.6, 32
1459476416.7, 33
1459476416.8, 33
1459476416.9, 34
1459476417.01, 32
1459476417.11, 32
1459476417.21, 31
1459476417.31, 32
1459476417.41, 33
1459476417.51, 34
1459476417.61, 33
1459476417.71, 34
1459476417.81, 33
1459476417.91, 35
1459476418.01, 34
1459476418.12, 32
1459476418.22, 33
1459476418.32, 33
1459476418.42, 33
1459476418.52, 34
1459476418.62, 33
1459476418.72, 33
1459476418.83, 33
1459476418.93, 33
1459476419.03, 34
1459476419.13, 34
1459476419.23, 34
1459476419.33, 34
1459476419.43, 34
1459476419.53, 34
1459476419.63, 34
1459476419.73, 34
1459476419.84, 33
1459476419.94, 34
1459476420.04, 34
1459476420.14, 33
1459476420.24, 33
1459476420.34, 34
1459476420.44, 33
1459476420.54, 33
1459476420.64, 34
1459476420.74, 34
1459476420.85, 34
1459476420.95, 34
1459476421.05, 34
1459476421.15, 33
1459476421.25, 32
1459476421.35, 33
1459476421.45, 33
1459476421.55, 34
1459476421.65, 34
1459476421.76, 32
1459476421.86, 32
1459476421.96, 33
1459476422.06, 34
1459476422.16, 34
1459476422.26, 34
1459476422.36, 33
1459476422.46, 33
1459476422.56, 33
1459476422.66, 34
1459476422.76, 33
1459476422.87, 34
1459476422.97, 33
1459476423.07, 33
1459476423.17, 34
1459476423.27, 34
1459476423.38, 34
1459476423.48, 34
1459476423.58, 34
1459476423.68, 34
1459476423.78, 34
1459476423.88, 33
1459476423.98, 34
1459476424.08, 33
1459476424.18, 32
1459476424.29, 34
1459476424.39, 32
1459476424.49, 33
1459476424.59, 33
1459476424.69, 33
1459476424.79, 34
1459476424.89, 34
1459476424.99, 34
1459476425.09, 33
1459476425.19, 33
1459476425.29, 33
1459476425.4, 33
1459476425.5, 33
1459476425.6, 33
1459476425.7, 33
1459476425.8, 33
1459476425.9, 34
1459476426.0, 33
1459476426.1, 35
1459476426.2, 34
1459476426.3, 34
1459476426.4, 34
1459476426.5, 33
1459476426.61, 32
1459476426.71, 34
1459476426.81, 34
1459476426.91, 33
1459476427.01, 32
1459476427.11, 33
1459476427.21, 34
1459476427.31, 35
1459476427.41, 34
1459476427.51, 34
1459476427.61, 33
1459476427.72, 33
1459476427.82, 34
1459476427.92, 33
1459476428.02, 33
1459476428.12, 33
1459476428.22, 33
1459476428.32, 33
1459476428.43, 35
1459476428.53, 34
1459476428.63, 34
1459476428.73, 33
1459476428.83, 34
1459476428.93, 35
1459476429.03, 34
