1459476568.49, 0.0736801120277
1459476568.59, 0.217118117542
1459476568.69, 0.345042966639
1459476568.79, 0.464516884348
1459476568.89, 0.588026489902
1459476568.99, 0.709662215912
1459476569.09, 0.832333985986
1459476569.19, 0.972448128999
1459476569.3, 1.12502589446
1459476569.4, 1.28574464359
1459476569.5, 1.4465665267
1459476569.6, 1.59474496391
1459476569.7, 1.74723451697
1459476569.8, 1.90466345608
1459476569.9, 2.05353191915
1459476570.0, 2.20338691589
1459476570.1, 2.35468982049
1459476570.2, 2.50150640817
1459476570.3, 2.64829578659
1459476570.41, 2.79508500005
1459476570.51, 2.94187421251
1459476570.61, 3.08514623927
1459476570.72, 3.23463394716
1459476570.81, 3.38803031243
1459476570.91, 3.53601877559
1459476571.01, 3.68515333729
1459476571.11, 3.83101035713
1459476571.21, 3.96540285817
1459476571.32, 4.09633298634
1459476571.42, 4.22341041976
1459476571.52, 4.33977255764
1459476571.62, 4.46848828313
1459476571.72, 4.6158023742
1459476571.82, 4.75826000384
1459476571.92, 4.90236323348
1459476572.02, 5.05589561741
1459476572.12, 5.20553053779
1459476572.22, 5.35042068767
1459476572.32, 5.49126672686
1459476572.43, 5.62899044271
1459476572.53, 5.77158475131
1459476572.63, 5.9275845896
1459476572.73, 6.09784006519
1459476572.83, 6.27356550505
1459476572.93, 6.43548113485
1459476573.03, 6.58057249258
1459476573.13, 6.70752334408
1459476573.24, 6.84132527844
1459476573.34, 7.01625140845
1459476573.44, 7.19466434607
1459476573.54, 7.35731205907
1459476573.64, 7.52764102986
1459476573.74, 7.71613620025
1459476573.84, 7.89645169244
1459476573.94, 8.06999798108
1459476574.04, 8.25610176209
1459476574.14, 8.42820053126
1459476574.24, 8.59578057404
1459476574.35, 8.7598567816
1459476574.45, 8.92102631564
1459476574.55, 9.08662723344
1459476574.65, 9.270413569
1459476574.75, 9.4877628526
1459476574.85, 9.71069824749
1459476574.95, 9.887959987
1459476575.05, 10.0170828966
1459476575.15, 10.1535444786
1459476575.25, 10.297289284
1459476575.36, 10.4311369974
1459476575.46, 10.5706885713
1459476575.56, 10.7173288698
1459476575.66, 10.8588489348
1459476575.77, 11.0093475485
1459476575.86, 11.1731656048
1459476575.96, 11.3290075404
1459476576.06, 11.4825658294
1459476576.16, 11.6436688476
1459476576.27, 11.7997008658
1459476576.37, 11.9365601588
1459476576.47, 12.0708602651
1459476576.57, 12.2113315778
1459476576.67, 12.3406976069
1459476576.77, 12.4792047643
1459476576.87, 12.6236666937
1459476576.97, 12.7488051048
1459476577.07, 12.8674247861
1459476577.17, 13.0176109813
1459476577.28, 13.1848696358
1459476577.38, 13.3371351674
1459476577.48, 13.4676292632
1459476577.58, 13.5771973327
1459476577.68, 13.6864293402
1459476577.78, 13.803123563
1459476577.88, 13.9204287389
1459476577.98, 14.0418700097
1459476578.08, 14.1825062977
1459476578.18, 14.3215524313
1459476578.29, 14.4601119665
1459476578.39, 14.5951165914
1459476578.49, 14.710905957
1459476578.59, 14.8319918345
1459476578.69, 14.980126592
1459476578.79, 15.1285477987
1459476578.89, 15.2543655507
1459476578.99, 15.3708144661
1459476579.09, 15.4877574944
1459476579.19, 15.6192441054
1459476579.3, 15.7580179559
1459476579.4, 15.8903557408
1459476579.5, 16.0229940723
1459476579.6, 16.1604373025
1459476579.7, 16.3039778063
1459476579.8, 16.4403167119
1459476579.9, 16.5727704865
1459476580.0, 16.7126911124
1459476580.1, 16.8378605791
1459476580.2, 16.9489099549
1459476580.3, 17.0482375871
1459476580.41, 17.1415355827
1459476580.51, 17.24721756
1459476580.61, 17.3594912128
1459476580.71, 17.4655308763
1459476580.82, 17.5712907542
1459476580.91, 17.6948025326
1459476581.01, 17.8301409557
1459476581.11, 17.9581739243
1459476581.21, 18.0755909808
1459476581.32, 18.189096166
1459476581.42, 18.3020384337
1459476581.52, 18.4227825008
1459476581.62, 18.5442280162
1459476581.72, 18.6633548047
1459476581.82, 18.7907910966
1459476581.92, 18.925954048
1459476582.02, 19.0645096632
1459476582.12, 19.1951168993
1459476582.22, 19.3146908827
1459476582.32, 19.430879365
1459476582.43, 19.5377154163
1459476582.53, 19.6483925408
1459476582.63, 19.7654030919
1459476582.73, 19.8869735152
1459476582.83, 20.019496564
1459476582.93, 20.152349978
1459476583.03, 20.2819461933
1459476583.13, 20.4122919639
1459476583.23, 20.5418096736
1459476583.35, 20.6633425576
1459476583.44, 20.7857299802
1459476583.54, 20.9126691984
1459476583.64, 21.044548713
1459476583.74, 21.1873458307
1459476583.84, 21.3331864202
1459476583.94, 21.4636441242
1459476584.04, 21.5760802627
1459476584.14, 21.6936036252
1459476584.24, 21.8257269144
1459476584.35, 21.9657948625
1459476584.45, 22.0952145476
1459476584.55, 22.2220985537
1459476584.65, 22.3563179831
1459476584.75, 22.5038068237
1459476584.85, 22.6550167955
1459476584.95, 22.7906464275
1459476585.05, 22.9234433796
1459476585.15, 23.0589384915
1459476585.25, 23.1988003446
1459476585.35, 23.3433078833
1459476585.46, 23.4877583811
1459476585.56, 23.6181283233
1459476585.66, 23.7376573019
1459476585.76, 23.8685464444
1459476585.87, 24.0331192616
1459476585.96, 24.2139522638
1459476586.06, 24.3872466714
1459476586.16, 24.5585748966
1459476586.26, 24.746756946
1459476586.37, 24.9252443455
1459476586.47, 25.1107561487
1459476586.57, 25.2954768742
1459476586.67, 25.4613794078
1459476586.77, 25.6347882304
1459476586.87, 25.803115581
1459476586.97, 25.9608283744
1459476587.07, 26.109128024
1459476587.17, 26.2588403663
1459476587.27, 26.4046882848
1459476587.38, 26.5428633205
1459476587.48, 26.6792919697
1459476587.58, 26.8155939609
1459476587.68, 26.9643157005
1459476587.78, 27.1299219037
1459476587.88, 27.2955355182
1459476587.98, 27.4373516202
1459476588.08, 27.5636333104
1459476588.18, 27.696479287
1459476588.28, 27.833009846
1459476588.39, 27.9740635152
1459476588.49, 28.114249683
1459476588.59, 28.2599577893
1459476588.69, 28.415186114
1459476588.79, 28.5623768542
1459476588.89, 28.6841403125
1459476588.99, 28.8025313202
1459476589.09, 28.9474161094
1459476589.19, 29.0971202798
1459476589.3, 29.220919982
1459476589.4, 29.3212303188
1459476589.5, 29.4328429677
1459476589.6, 29.5748980409
1459476589.7, 29.741349501
1459476589.8, 29.902958557
1459476589.9, 30.0451603497
1459476590.0, 30.1876261303
1459476590.1, 30.3395257633
1459476590.2, 30.479884452
1459476590.3, 30.6107723397
1459476590.41, 30.7417073702
1459476590.51, 30.8627650784
1459476590.61, 30.9882831053
1459476590.71, 31.1141258824
1459476590.81, 31.2406501018
1459476590.92, 31.3796920027
1459476591.01, 31.5270043377
1459476591.11, 31.6754229383
1459476591.21, 31.8059105118
1459476591.32, 31.9260665157
1459476591.42, 32.0512774978
1459476591.52, 32.1767446424
1459476591.62, 32.3055012281
1459476591.72, 32.4379548745
1459476591.82, 32.5630717775
1459476591.92, 32.6838222634
1459476592.02, 32.8126164438
1459476592.12, 32.943293648
1459476592.22, 33.0672020677
1459476592.32, 33.1909315982
1459476592.43, 33.3224004925
1459476592.53, 33.4717772534
1459476592.63, 33.6389764588
1459476592.73, 33.8013471948
1459476592.83, 33.9654150022
1459476592.93, 34.125235171
1459476593.03, 34.2668167918
1459476593.13, 34.4128449744
1459476593.23, 34.5866850807
1459476593.33, 34.7646915554
1459476593.45, 34.9281791232
1459476593.54, 35.0970355876
1459476593.64, 35.258213396
1459476593.74, 35.4059997997
1459476593.84, 35.5674065613
1459476593.94, 35.7420373063
1459476594.04, 35.9158914957
1459476594.14, 36.0733418172
1459476594.24, 36.2147640927
1459476594.34, 36.3648007793
1459476594.45, 36.5224706293
1459476594.55, 36.6705590128
1459476594.65, 36.8273039105
1459476594.75, 36.998648402
1459476594.85, 37.15139033
1459476594.95, 37.2842227795
1459476595.05, 37.4094365098
1459476595.15, 37.5421663625
1459476595.25, 37.7184221711
1459476595.35, 37.9191919886
1459476595.46, 38.092816757
1459476595.56, 38.2461702227
1459476595.66, 38.4151825226
1459476595.76, 38.5791551612
1459476595.86, 38.7153219806
1459476595.97, 38.8452019279
1459476596.06, 38.9804258062
1459476596.16, 39.1246234277
1459476596.27, 39.2734288715
1459476596.37, 39.4225523315
1459476596.47, 39.5713726856
1459476596.57, 39.724577252
1459476596.67, 39.8829608623
1459476596.77, 40.0300837319
1459476596.87, 40.165216277
1459476596.97, 40.3041672957
1459476597.07, 40.4398148004
1459476597.17, 40.5649205646
1459476597.27, 40.6838238871
1459476597.37, 40.7999599887
1459476597.48, 40.9098242279
1459476597.58, 41.0198092796
1459476597.68, 41.1360062924
1459476597.78, 41.2598686852
1459476597.88, 41.3916241425
1459476597.98, 41.5303931832
1459476598.08, 41.6684340135
1459476598.18, 41.7990667355
1459476598.28, 41.9299084824
1459476598.38, 42.0642892114
1459476598.5, 42.2032679937
1459476598.59, 42.3394486969
1459476598.69, 42.4649172197
1459476598.79, 42.5740765816
1459476598.89, 42.677352879
1459476598.99, 42.7951107317
1459476599.09, 42.924501073
1459476599.19, 43.0548691446
1459476599.29, 43.1813885156
1459476599.4, 43.3179059027
1459476599.5, 43.4835935939
1459476599.6, 43.6539667862
1459476599.7, 43.8447174674
1459476599.8, 44.0401456029
1459476599.9, 44.1992922323
1459476600.0, 44.3473091822
1459476600.1, 44.4922246438
1459476600.2, 44.633631295
1459476600.3, 44.770869482
1459476600.4, 44.9035655002
1459476600.51, 45.0358139012
1459476600.61, 45.1770774638
1459476600.71, 45.3379529305
1459476600.81, 45.4960165873
1459476600.91, 45.6448728341
1459476601.02, 45.8025175721
1459476601.11, 45.9603729814
1459476601.21, 46.1047589498
1459476601.31, 46.24156287
1459476601.42, 46.3916756172
1459476601.52, 46.5539126765
1459476601.62, 46.7079238732
1459476601.72, 46.854957498
1459476601.82, 46.9993523536
1459476601.92, 47.139452417
1459476602.02, 47.292514675
1459476602.12, 47.4529538725
1459476602.22, 47.5969758699
1459476602.32, 47.735013545
1459476602.42, 47.8738753338
1459476602.53, 48.0082632092
1459476602.63, 48.1546074053
1459476602.73, 48.2937237392
1459476602.83, 48.4141079213
1459476602.93, 48.542634978
1459476603.03, 48.670721356
1459476603.13, 48.7960724259
1459476603.23, 48.9261947165
1459476603.33, 49.0786072511
1459476603.43, 49.2340525961
1459476603.55, 49.4038257382
1459476603.64, 49.5680886422
1459476603.74, 49.7048947653
1459476603.84, 49.8502160387
1459476603.94, 49.9803785987
1459476604.04, 50.0922210449
1459476604.14, 50.204263856
1459476604.24, 50.3316163499
1459476604.35, 50.4766956315
1459476604.45, 50.6144613227
1459476604.55, 50.7491285155
1459476604.65, 50.886146609
1459476604.75, 51.0120944633
1459476604.85, 51.1426776165
1459476604.95, 51.2852405865
1459476605.05, 51.4156208917
1459476605.15, 51.5270934884
1459476605.25, 51.6267337381
1459476605.35, 51.7321314262
1459476605.45, 51.8478986769
1459476605.56, 51.9751429972
1459476605.66, 52.1218077951
1459476605.76, 52.2742210039
1459476605.86, 52.4114183431
1459476605.96, 52.5403799068
1459476606.07, 52.6735334033
1459476606.16, 52.7960606061
1459476606.26, 52.9192018171
1459476606.37, 53.0545357186
1459476606.47, 53.1894917548
1459476606.57, 53.3094467803
1459476606.67, 53.4196147834
1459476606.77, 53.5464677334
1459476606.87, 53.6858980905
1459476606.97, 53.8263340674
1459476607.07, 53.9602930069
1459476607.18, 54.0597056135
1459476607.27, 54.0870376286
1459476607.37, 54.0326260976
1459476607.48, 53.9436849714
1459476607.58, 53.8611548938
1459476607.68, 53.7767742591
1459476607.78, 53.6896828019
1459476607.88, 53.6132651866
1459476607.98, 53.5434371032
1459476608.08, 53.4749229299
1459476608.18, 53.4107641113
1459476608.28, 53.3441203819
1459476608.38, 53.265929798
1459476608.48, 53.1881902864
1459476608.6, 53.1182922446
1459476608.69, 53.0516816723
1459476608.79, 52.985187134
1459476608.89, 52.9243290242
1459476608.99, 52.8751222878
1459476609.09, 52.8255833828
1459476609.19, 52.7677498798
1459476609.29, 52.7117872237
1459476609.4, 52.65257597
1459476609.5, 52.5793908663
1459476609.6, 52.4951510608
1459476609.7, 52.4119518152
1459476609.8, 52.3167392975
1459476609.9, 52.2090271884
1459476610.0, 52.1055099655
1459476610.1, 51.9985595478
1459476610.2, 51.8974087536
1459476610.3, 51.816212431
1459476610.4, 51.7503078943
1459476610.51, 51.6888908084
1459476610.61, 51.6309957916
1459476610.71, 51.577009712
1459476610.81, 51.525033623
1459476610.91, 51.4796797302
1459476611.01, 51.435218591
1459476611.12, 51.3920660456
1459476611.21, 51.3530191121
1459476611.31, 51.308418444
1459476611.42, 51.280551022
1459476611.52, 51.2770407785
1459476611.62, 51.2875500854
1459476611.72, 51.3015553333
1459476611.82, 51.3050615095
1459476611.92, 51.3050615095
1459476612.02, 51.3050615095
1459476612.12, 51.3050615095
1459476612.22, 51.3050615095
1459476612.32, 51.3050615095
1459476612.42, 51.3050615095
1459476612.53, 51.3050615095
1459476612.63, 51.3050615095
1459476612.73, 51.3050615095
1459476612.83, 51.3050615095
1459476612.93, 51.3050615095
1459476613.03, 51.3050615095
1459476613.13, 51.3050615095
1459476613.23, 51.3050615095
1459476613.33, 51.3050615095
1459476613.43, 51.3050615095
1459476613.53, 51.3050615095
1459476613.65, 51.3050615095
1459476613.74, 51.3050615095
1459476613.84, 51.3050615095
1459476613.94, 51.3050615095
1459476614.04, 51.3050615095
1459476614.14, 51.3050615095
1459476614.24, 51.3050615095
1459476614.34, 51.3050615095
1459476614.45, 51.3050615095
1459476614.55, 51.3050615095
1459476614.65, 51.3050615095
1459476614.75, 51.3050615095
1459476614.85, 51.3050615095
1459476614.95, 51.3050615095
1459476615.05, 51.3050615095
1459476615.15, 51.3050615095
1459476615.25, 51.3050615095
1459476615.35, 51.3050615095
1459476615.45, 51.3050615095
1459476615.56, 51.3050615095
1459476615.66, 51.3050615095
1459476615.76, 51.3050615095
1459476615.86, 51.3050615095
1459476615.96, 51.3050615095
1459476616.06, 51.3050615095
1459476616.17, 51.3050615095
1459476616.26, 51.3050615095
1459476616.37, 51.3050615095
1459476616.47, 51.3050615095
1459476616.57, 51.3050615095
1459476616.67, 51.3050615095
1459476616.77, 51.3050615095
1459476616.87, 51.3050615095
1459476616.97, 51.3050615095
1459476617.07, 51.3050615095
1459476617.17, 51.3050615095
1459476617.27, 51.3050615095
1459476617.38, 51.3050615095
1459476617.48, 51.3050615095
1459476617.58, 51.3050615095
1459476617.68, 51.3050615095
1459476617.78, 51.3050615095
1459476617.88, 51.3050615095
1459476617.98, 51.3050615095
1459476618.08, 51.3050615095
1459476618.18, 51.3050615095
1459476618.28, 51.3050615095
1459476618.38, 51.3050615095
1459476618.49, 51.3050615095
1459476618.59, 51.3050615095
1459476618.7, 51.3050615095
1459476618.79, 51.3050615095
1459476618.89, 51.3050615095
1459476618.99, 51.3050615095
1459476619.09, 51.3050615095
1459476619.19, 51.3050615095
1459476619.3, 51.3050615095
1459476619.4, 51.3050615095
1459476619.5, 51.3050615095
1459476619.6, 51.3050615095
1459476619.7, 51.3050615095
1459476619.8, 51.3050615095
1459476619.9, 51.3050615095
1459476620.0, 51.3050615095
1459476620.1, 51.3050615095
1459476620.2, 51.3050615095
1459476620.31, 51.3050615095
1459476620.41, 51.3050615095
1459476620.51, 51.3050615095
1459476620.61, 51.3050615095
1459476620.71, 51.3050615095
1459476620.81, 51.3050615095
1459476620.91, 51.3050615095
1459476621.01, 51.3050615095
1459476621.11, 51.3050615095
1459476621.23, 51.3050615095
1459476621.32, 51.3050615095
1459476621.42, 51.3050615095
1459476621.52, 51.3050615095
1459476621.62, 51.3050615095
1459476621.72, 51.3050615095
1459476621.82, 51.3050615095
1459476621.92, 51.3050615095
1459476622.02, 51.3050615095
1459476622.12, 51.3050615095
1459476622.23, 51.3050615095
1459476622.33, 51.3050615095
1459476622.43, 51.3050615095
1459476622.53, 51.3050615095
1459476622.63, 51.3050615095
1459476622.73, 51.3050615095
1459476622.83, 51.3050615095
1459476622.93, 51.3050615095
1459476623.03, 51.3050615095
1459476623.13, 51.3050615095
1459476623.24, 51.3050615095
1459476623.34, 51.3050615095
1459476623.44, 51.3050615095
1459476623.54, 51.3050615095
1459476623.64, 51.3050615095
1459476623.75, 51.3050615095
1459476623.84, 51.3050615095
1459476623.94, 51.3050615095
1459476624.05, 51.3050615095
1459476624.15, 51.3050615095
1459476624.25, 51.3050615095
1459476624.35, 51.3050615095
1459476624.45, 51.3050615095
1459476624.55, 51.3050615095
1459476624.65, 51.3050615095
1459476624.75, 51.3050615095
1459476624.85, 51.3050615095
1459476624.95, 51.3050615095
1459476625.06, 51.3050615095
1459476625.16, 51.3050615095
1459476625.26, 51.3050615095
1459476625.36, 51.3050615095
1459476625.46, 51.3050615095
1459476625.56, 51.3050615095
1459476625.66, 51.3050615095
1459476625.76, 51.3050615095
1459476625.86, 51.3050615095
1459476625.96, 51.3050615095
1459476626.07, 51.3050615095
1459476626.17, 51.3050615095
1459476626.28, 51.3050615095
1459476626.37, 51.3050615095
1459476626.47, 51.3050615095
1459476626.57, 51.3050615095
1459476626.67, 51.3050615095
1459476626.77, 51.3050615095
1459476626.88, 51.3050615095
1459476626.98, 51.3050615095
1459476627.08, 51.3050615095
1459476627.18, 51.3050615095
1459476627.28, 51.3050615095
1459476627.38, 51.3050615095
1459476627.48, 51.3050615095
1459476627.58, 51.3050615095
1459476627.68, 51.3050615095
1459476627.78, 51.3050615095
1459476627.88, 51.3050615095
1459476627.99, 51.3050615095
1459476628.09, 51.3050615095
1459476628.19, 51.3050615095
1459476628.29, 51.3050615095
1459476628.39, 51.3050615095
1459476628.49, 51.3050615095
1459476628.59, 51.3050615095
1459476628.69, 51.3050615095
1459476628.8, 51.3050615095
1459476628.9, 51.3050615095
1459476629.0, 51.3050615095
1459476629.1, 51.3050615095
1459476629.2, 51.3050615095
1459476629.3, 51.3050615095
1459476629.4, 51.3050615095
1459476629.5, 51.3050615095
1459476629.6, 51.3050615095
1459476629.7, 51.3050615095
1459476629.8, 51.3050615095
1459476629.91, 51.3050615095
1459476630.01, 51.3050615095
1459476630.11, 51.3050615095
1459476630.21, 51.3050615095
1459476630.31, 51.3050615095
1459476630.41, 51.3050615095
1459476630.52, 51.3050615095
1459476630.61, 51.3050615095
1459476630.71, 51.3050615095
1459476630.81, 51.3050615095
1459476630.92, 51.3050615095
1459476631.02, 51.3050615095
1459476631.12, 51.3050615095
1459476631.22, 51.3050615095
1459476631.33, 51.3050615095
1459476631.42, 51.3050615095
1459476631.52, 51.3050615095
1459476631.62, 51.3050615095
1459476631.73, 51.3050615095
1459476631.83, 51.3050615095
1459476631.93, 51.3050615095
1459476632.03, 51.3050615095
1459476632.13, 51.3050615095
1459476632.23, 51.3050615095
1459476632.33, 51.3050615095
1459476632.43, 51.3050615095
1459476632.53, 51.3050615095
1459476632.63, 51.3050615095
1459476632.74, 51.3050615095
1459476632.84, 51.3050615095
1459476632.94, 51.3050615095
1459476633.04, 51.3050615095
1459476633.14, 51.3050615095
1459476633.24, 51.3050615095
1459476633.34, 51.3050615095
1459476633.44, 51.3050615095
1459476633.54, 51.3050615095
1459476633.64, 51.3050615095
1459476633.75, 51.3050615095
1459476633.86, 51.3050615095
1459476633.95, 51.3050615095
1459476634.05, 51.3050615095
1459476634.15, 51.3050615095
1459476634.25, 51.3050615095
1459476634.35, 51.3050615095
1459476634.45, 51.3050615095
1459476634.56, 51.3050615095
1459476634.66, 51.3050615095
1459476634.76, 51.3050615095
1459476634.86, 51.3050615095
1459476634.96, 51.3050615095
1459476635.06, 51.3050615095
1459476635.16, 51.3050615095
1459476635.26, 51.3050615095
1459476635.36, 51.3050615095
1459476635.46, 51.3050615095
1459476635.56, 51.3050615095
1459476635.67, 51.3050615095
1459476635.77, 51.3050615095
1459476635.87, 51.3050615095
1459476635.97, 51.3050615095
1459476636.07, 51.3050615095
1459476636.17, 51.3050615095
1459476636.27, 51.3050615095
1459476636.38, 51.3050615095
1459476636.47, 51.3050615095
1459476636.58, 51.3050615095
1459476636.68, 51.3050615095
1459476636.78, 51.3050615095
1459476636.88, 51.3050615095
1459476636.98, 51.3050615095
1459476637.08, 51.3050615095
1459476637.18, 51.3050615095
1459476637.28, 51.3050615095
1459476637.38, 51.3050615095
1459476637.49, 51.3050615095
1459476637.59, 51.3050615095
1459476637.69, 51.3050615095
1459476637.79, 51.3050615095
1459476637.89, 51.3050615095
1459476637.99, 51.3050615095
1459476638.12, 51.3050615095
1459476638.19, 51.3050615095
1459476638.29, 51.3050615095
1459476638.39, 51.3050615095
1459476638.5, 51.3050615095
1459476638.6, 51.3050615095
1459476638.7, 51.3050615095
1459476638.8, 51.3050615095
1459476638.91, 51.3050615095
1459476639.0, 51.3050615095
1459476639.1, 51.3050615095
1459476639.2, 51.3050615095
1459476639.3, 51.3050615095
1459476639.41, 51.3050615095
1459476639.51, 51.3050615095
1459476639.61, 51.3050615095
1459476639.71, 51.3050615095
1459476639.81, 51.3050615095
1459476639.91, 51.3050615095
1459476640.01, 51.3050615095
1459476640.11, 51.3050615095
1459476640.21, 51.3050615095
1459476640.31, 51.3050615095
1459476640.42, 51.3050615095
1459476640.52, 51.3050615095
1459476640.62, 51.3050615095
1459476640.72, 51.3050615095
1459476640.82, 51.3050615095
1459476640.92, 51.3050615095
1459476641.02, 51.3050615095
1459476641.12, 51.3050615095
1459476641.22, 51.3050615095
1459476641.32, 51.3050615095
1459476641.44, 51.3050615095
1459476641.53, 51.3050615095
1459476641.63, 51.3050615095
1459476641.73, 51.3050615095
1459476641.83, 51.3050615095
1459476641.93, 51.3050615095
1459476642.03, 51.3050615095
1459476642.13, 51.3050615095
1459476642.24, 51.3050615095
1459476642.34, 51.3050615095
1459476642.44, 51.3050615095
1459476642.54, 51.3050615095
1459476642.64, 51.3050615095
1459476642.74, 51.3050615095
1459476642.84, 51.3050615095
1459476642.94, 51.3050615095
1459476643.04, 51.3050615095
1459476643.14, 51.3050615095
1459476643.24, 51.3050615095
1459476643.35, 51.3050615095
1459476643.45, 51.3050615095
1459476643.55, 51.3050615095
1459476643.65, 51.3050615095
1459476643.75, 51.3050615095
1459476643.85, 51.3050615095
1459476643.96, 51.3050615095
1459476644.05, 51.3050615095
1459476644.16, 51.3050615095
1459476644.26, 51.3050615095
1459476644.36, 51.3050615095
1459476644.46, 51.3050615095
1459476644.56, 51.3050615095
1459476644.66, 51.3050615095
1459476644.76, 51.3050615095
1459476644.86, 51.3050615095
1459476644.96, 51.3050615095
1459476645.06, 51.3050615095
1459476645.17, 51.3050615095
1459476645.27, 51.3050615095
1459476645.37, 51.3050615095
1459476645.47, 51.3050615095
1459476645.57, 51.3050615095
1459476645.67, 51.3050615095
1459476645.77, 51.3050615095
1459476645.87, 51.3050615095
1459476645.97, 51.3050615095
1459476646.07, 51.3050615095
1459476646.17, 51.3050615095
1459476646.28, 51.3050615095
1459476646.38, 51.3050615095
1459476646.49, 51.3050615095
1459476646.58, 51.3050615095
1459476646.68, 51.3050615095
1459476646.78, 51.3050615095
1459476646.88, 51.3050615095
1459476646.99, 51.3050615095
1459476647.09, 51.3050615095
1459476647.19, 51.3050615095
1459476647.29, 51.3050615095
1459476647.39, 51.3050615095
1459476647.49, 51.3050615095
1459476647.59, 51.3050615095
1459476647.69, 51.3050615095
1459476647.79, 51.3050615095
1459476647.89, 51.3050615095
1459476648.0, 51.3050615095
1459476648.09, 51.3050615095
1459476648.2, 51.3050615095
1459476648.3, 51.3050615095
1459476648.4, 51.3050615095
1459476648.5, 51.3050615095
1459476648.6, 51.3050615095
1459476648.7, 51.3050615095
1459476648.8, 51.3050615095
1459476648.9, 51.3050615095
1459476649.01, 51.3050615095
1459476649.11, 51.3050615095
1459476649.21, 51.3050615095
1459476649.31, 51.3050615095
1459476649.41, 51.3050615095
1459476649.51, 51.3050615095
1459476649.61, 51.3050615095
1459476649.71, 51.3050615095
1459476649.81, 51.3050615095
1459476649.91, 51.3050615095
1459476650.02, 51.3050615095
1459476650.12, 51.3050615095
1459476650.22, 51.3050615095
1459476650.32, 51.3050615095
1459476650.42, 51.3050615095
1459476650.52, 51.3050615095
1459476650.62, 51.3050615095
1459476650.72, 51.3050615095
1459476650.82, 51.3050615095
1459476650.92, 51.3050615095
1459476651.03, 51.3050615095
1459476651.13, 51.3050615095
1459476651.23, 51.3050615095
1459476651.33, 51.3050615095
1459476651.43, 51.3050615095
1459476651.54, 51.3050615095
1459476651.63, 51.3050615095
1459476651.73, 51.3050615095
1459476651.84, 51.3050615095
1459476651.94, 51.3050615095
1459476652.04, 51.3050615095
1459476652.14, 51.3050615095
1459476652.24, 51.3050615095
1459476652.34, 51.3050615095
1459476652.44, 51.3050615095
1459476652.54, 51.3050615095
1459476652.64, 51.3050615095
1459476652.74, 51.3050615095
1459476652.85, 51.3050615095
1459476652.95, 51.3050615095
1459476653.05, 51.3050615095
1459476653.15, 51.3050615095
1459476653.25, 51.3050615095
1459476653.35, 51.3050615095
1459476653.45, 51.3050615095
1459476653.55, 51.3050615095
1459476653.65, 51.3050615095
1459476653.75, 51.3050615095
1459476653.86, 51.3050615095
1459476653.96, 51.3050615095
1459476654.07, 51.3050615095
1459476654.16, 51.3050615095
1459476654.26, 51.3050615095
1459476654.36, 51.3050615095
1459476654.46, 51.3050615095
1459476654.56, 51.3050615095
1459476654.67, 51.3050615095
1459476654.77, 51.3050615095
1459476654.87, 51.3050615095
1459476654.97, 51.3050615095
1459476655.07, 51.3050615095
1459476655.17, 51.3050615095
1459476655.27, 51.3050615095
1459476655.37, 51.3050615095
1459476655.47, 51.3050615095
1459476655.57, 51.3050615095
1459476655.67, 51.3050615095
1459476655.78, 51.3050615095
1459476655.88, 51.3050615095
1459476655.98, 51.3050615095
1459476656.08, 51.3050615095
1459476656.18, 51.3050615095
1459476656.28, 51.3050615095
1459476656.38, 51.3050615095
1459476656.48, 51.3050615095
1459476656.59, 51.3050615095
1459476656.69, 51.3050615095
1459476656.79, 51.3050615095
1459476656.89, 51.3050615095
1459476656.99, 51.3050615095
1459476657.09, 51.3050615095
1459476657.19, 51.3050615095
1459476657.29, 51.3050615095
1459476657.39, 51.3050615095
1459476657.49, 51.3050615095
1459476657.6, 51.3050615095
1459476657.7, 51.3050615095
1459476657.8, 51.3050615095
1459476657.9, 51.3050615095
1459476658.0, 51.3050615095
1459476658.1, 51.3050615095
1459476658.2, 51.3050615095
1459476658.3, 51.3050615095
1459476658.4, 51.3050615095
1459476658.5, 51.3050615095
1459476658.6, 51.3050615095
1459476658.71, 51.3050615095
1459476658.81, 51.3050615095
1459476658.91, 51.3050615095
1459476659.01, 51.3050615095
1459476659.12, 51.3050615095
1459476659.21, 51.3050615095
1459476659.31, 51.3050615095
1459476659.41, 51.3050615095
1459476659.52, 51.3050615095
1459476659.62, 51.3050615095
1459476659.72, 51.3050615095
1459476659.82, 51.3050615095
1459476659.92, 51.3050615095
1459476660.02, 51.3050615095
1459476660.12, 51.3050615095
1459476660.22, 51.3050615095
1459476660.32, 51.3050615095
1459476660.42, 51.3050615095
1459476660.53, 51.3050615095
1459476660.63, 51.3050615095
1459476660.73, 51.3050615095
1459476660.83, 51.3050615095
1459476660.93, 51.3050615095
1459476661.03, 51.3050615095
1459476661.13, 51.3050615095
1459476661.23, 51.3050615095
1459476661.33, 51.3050615095
1459476661.43, 51.3050615095
1459476661.53, 51.3050615095
1459476661.65, 51.3050615095
1459476661.74, 51.3050615095
1459476661.84, 51.3050615095
1459476661.94, 51.3050615095
1459476662.04, 51.3050615095
1459476662.14, 51.3050615095
1459476662.24, 51.3050615095
1459476662.34, 51.3050615095
