1459475859.77, 0.21935585657
1459475859.87, 0.67058683132
1459475859.97, 1.16908164894
1459475860.07, 1.69434423517
1459475860.17, 2.20709764223
1459475860.28, 2.69068703682
1459475860.38, 3.30857059139
1459475860.48, 3.94895736888
1459475860.58, 4.44076239062
1459475860.68, 4.8897168635
1459475860.78, 5.36565002617
1459475860.88, 5.99567766726
1459475860.98, 6.59708168173
1459475861.08, 7.05751987591
1459475861.18, 7.50575763665
1459475861.28, 8.01971721068
1459475861.39, 8.56070766443
1459475861.49, 9.03614548705
1459475861.59, 9.48798328204
1459475861.69, 9.98225950399
1459475861.79, 10.4753493881
1459475861.89, 10.9530844128
1459475862.0, 11.4338135424
1459475862.09, 11.9425613702
1459475862.2, 12.4594162329
1459475862.3, 12.9611546728
1459475862.4, 13.4497982702
1459475862.5, 14.0926675246
1459475862.6, 14.7543568869
1459475862.7, 15.2784802252
1459475862.8, 15.779973392
1459475862.9, 16.3440086552
1459475863.0, 16.9199570782
1459475863.1, 17.4856933912
1459475863.21, 18.0355773832
1459475863.31, 18.566921809
1459475863.41, 19.1214784642
1459475863.51, 19.6967597276
1459475863.61, 20.2882025252
1459475863.71, 20.8950230282
1459475863.81, 21.4727063569
1459475863.91, 22.0272240048
1459475864.01, 22.5934193629
1459475864.11, 23.2264476441
1459475864.22, 23.8875209349
1459475864.32, 24.4542098012
1459475864.42, 25.0386523593
1459475864.53, 25.677294471
1459475864.62, 26.3327353373
1459475864.72, 26.9710740482
1459475864.82, 27.5805974703
1459475864.92, 28.2809497587
1459475865.03, 29.0743019827
1459475865.13, 29.8108218416
1459475865.23, 30.47550295
1459475865.33, 31.1091593513
1459475865.43, 31.7551889542
1459475865.53, 32.5064449878
1459475865.63, 33.3130795233
1459475865.73, 34.0423367223
1459475865.83, 34.6522279701
1459475865.93, 35.2233580201
1459475866.04, 35.8001855481
1459475866.14, 36.4132842857
1459475866.24, 37.0457765389
1459475866.34, 37.706949363
1459475866.44, 38.5246356971
1459475866.54, 39.3451199241
1459475866.64, 40.0625609625
1459475866.74, 40.84063143
1459475866.84, 41.6073871839
1459475866.94, 42.2759181987
1459475867.06, 43.0154706735
1459475867.15, 43.9086513562
1459475867.25, 44.8284032575
1459475867.35, 45.583852894
1459475867.45, 46.3420410214
1459475867.55, 47.0926294523
1459475867.65, 47.8426331683
1459475867.75, 48.5861304576
1459475867.85, 49.2914221195
1459475867.96, 50.0438876663
1459475868.06, 50.7680533806
1459475868.16, 51.5169862385
1459475868.26, 52.3018291691
1459475868.36, 53.0482628743
1459475868.46, 53.7948166185
1459475868.56, 54.5703240694
1459475868.66, 55.3768773577
1459475868.76, 56.2643777048
1459475868.86, 57.1272560474
1459475868.96, 57.9965046107
1459475869.07, 58.9455442852
1459475869.17, 59.9462528727
1459475869.27, 60.9600186201
1459475869.37, 61.9318079308
1459475869.47, 62.8690403581
1459475869.58, 63.8147149691
1459475869.67, 64.7240196525
1459475869.78, 65.6359203051
1459475869.88, 66.6778494236
1459475869.98, 67.7473579295
1459475870.08, 68.6913709725
1459475870.18, 69.5305409399
1459475870.28, 70.3734128382
1459475870.38, 71.3381375443
1459475870.48, 72.4214676562
1459475870.58, 73.5115313034
1459475870.68, 74.4651614046
1459475870.78, 75.3974480211
1459475870.89, 76.3557901703
1459475870.99, 77.2442934992
1459475871.09, 78.0051644319
1459475871.19, 78.8174167898
1459475871.29, 79.7404334122
1459475871.39, 80.6590403956
1459475871.49, 81.6579225199
1459475871.59, 82.7664190471
1459475871.69, 83.7918380018
1459475871.79, 84.719383521
1459475871.9, 85.7621811953
1459475872.0, 86.9284380816
1459475872.11, 88.1728578313
1459475872.2, 89.3205945527
1459475872.3, 90.3423098343
1459475872.4, 91.3671565832
1459475872.5, 92.3750939896
1459475872.6, 93.4457337269
1459475872.7, 94.6594216941
1459475872.81, 95.7682371456
1459475872.91, 96.8209610289
1459475873.01, 97.8167092002
1459475873.11, 98.9117916847
1459475873.21, 100.138297758
1459475873.31, 101.311899764
1459475873.41, 102.480090605
1459475873.51, 103.647974742
1459475873.62, 104.810760952
1459475873.72, 105.990780084
1459475873.82, 107.167024269
1459475873.92, 108.25204662
1459475874.02, 109.268744597
1459475874.12, 110.295342475
1459475874.22, 111.352061571
1459475874.32, 112.376001954
1459475874.42, 113.365460733
1459475874.52, 114.423972497
1459475874.63, 115.58129286
1459475874.73, 116.763503496
1459475874.83, 117.820812718
1459475874.93, 118.882205411
1459475875.03, 120.009585485
1459475875.13, 121.118992494
1459475875.23, 122.096642948
1459475875.33, 123.016629607
1459475875.43, 123.944587894
1459475875.53, 124.79082513
1459475875.64, 125.626307382
1459475875.74, 126.610340315
1459475875.84, 127.703873686
1459475875.94, 128.698976808
1459475876.04, 129.537537969
1459475876.14, 130.429199209
1459475876.24, 131.445580667
1459475876.34, 132.445641614
1459475876.44, 133.411683742
1459475876.54, 134.525657024
1459475876.64, 135.556650069
1459475876.75, 136.568554135
1459475876.85, 137.537745532
1459475876.95, 138.492057386
1459475877.05, 139.404114641
1459475877.16, 140.218237155
1459475877.25, 141.212069187
1459475877.35, 142.231611974
1459475877.46, 143.115880138
1459475877.56, 143.93376103
1459475877.66, 144.776847851
1459475877.76, 145.667257594
1459475877.86, 146.562413388
1459475877.96, 147.498531835
1459475878.06, 148.460942769
1459475878.16, 149.35943499
1459475878.26, 150.284517886
1459475878.36, 151.291413857
1459475878.46, 152.276301759
1459475878.57, 153.256233504
1459475878.67, 154.276877496
1459475878.77, 155.317024561
1459475878.87, 156.311121927
1459475878.97, 157.173942548
1459475879.07, 158.040438734
1459475879.17, 158.903583453
1459475879.27, 159.717124226
1459475879.37, 160.601412272
1459475879.47, 161.528141505
1459475879.58, 162.384518022
1459475879.69, 163.220223188
1459475879.78, 164.102143599
1459475879.88, 164.925037347
1459475879.98, 165.587430186
1459475880.08, 166.230799128
1459475880.18, 166.9387743
1459475880.28, 167.698901431
1459475880.39, 168.321266597
1459475880.49, 168.935601094
1459475880.59, 169.674194625
1459475880.69, 170.258354189
1459475880.79, 170.794682844
1459475880.89, 171.358567704
1459475880.99, 172.056296952
1459475881.09, 172.854924763
1459475881.19, 173.52979158
1459475881.29, 174.107482362
1459475881.39, 174.643674859
1459475881.5, 175.340053316
1459475881.6, 176.030879029
1459475881.7, 176.587986587
1459475881.8, 177.139244012
1459475881.9, 177.769297882
1459475882.0, 178.431127797
1459475882.1, 179.0469328
1459475882.21, 179.653588794
1459475882.31, 180.200922315
1459475882.41, 180.736793393
1459475882.51, 181.342920297
1459475882.61, 182.102446302
1459475882.71, 182.972715844
1459475882.81, 183.64711716
1459475882.91, 184.228324073
1459475883.01, 184.799903179
1459475883.11, 185.456534554
1459475883.21, 186.103718226
1459475883.32, 186.624586452
1459475883.42, 187.138026196
1459475883.52, 187.839288764
1459475883.62, 188.69004116
1459475883.72, 189.338613428
1459475883.82, 189.896975286
1459475883.92, 190.403876007
1459475884.02, 190.84279417
1459475884.12, 191.342437202
1459475884.22, 191.862204528
1459475884.33, 192.343152963
1459475884.43, 192.822908443
1459475884.53, 193.473956754
1459475884.63, 194.109183293
1459475884.74, 194.648609111
1459475884.83, 195.200448775
1459475884.93, 195.701615359
1459475885.03, 196.162594404
1459475885.13, 196.687219637
1459475885.24, 197.208099948
1459475885.34, 197.800164976
1459475885.44, 198.401753979
1459475885.54, 198.873606977
1459475885.64, 199.310312866
1459475885.74, 199.770694389
1459475885.84, 200.418198693
1459475885.94, 201.039500755
1459475886.04, 201.496208864
1459475886.15, 201.936832215
1459475886.25, 202.378059435
1459475886.35, 202.885703879
1459475886.45, 203.41013009
1459475886.55, 203.878409211
1459475886.65, 204.347635168
1459475886.75, 204.82636957
1459475886.85, 205.319709747
1459475886.95, 205.827062241
1459475887.05, 206.366468254
1459475887.15, 207.00722932
1459475887.27, 207.602949424
1459475887.36, 208.096136259
1459475887.46, 208.584274124
1459475887.56, 209.219485568
1459475887.66, 209.85477828
1459475887.76, 210.34749575
1459475887.86, 210.862960246
1459475887.96, 211.404698718
1459475888.07, 211.925595556
1459475888.17, 212.576727356
1459475888.27, 213.30070854
1459475888.37, 214.023415827
1459475888.47, 214.617202512
1459475888.57, 215.071637345
1459475888.67, 215.542108343
1459475888.77, 216.046868094
1459475888.87, 216.542928467
1459475888.97, 216.999706259
1459475889.08, 217.450130332
1459475889.18, 217.899783198
1459475889.28, 218.358304324
1459475889.38, 218.851766854
1459475889.48, 219.330394783
1459475889.58, 219.805253531
1459475889.68, 220.302168757
1459475889.79, 220.763233876
1459475889.89, 221.223674976
1459475889.99, 221.901128001
1459475890.09, 222.536757808
1459475890.19, 222.96364938
1459475890.29, 223.389458145
1459475890.39, 223.849606365
1459475890.49, 224.32622491
1459475890.59, 224.768809253
1459475890.69, 225.17640048
1459475890.79, 225.621565199
1459475890.9, 226.084852959
1459475891.0, 226.5139581
1459475891.1, 226.945138869
1459475891.2, 227.400666145
1459475891.3, 227.845906386
1459475891.4, 228.262625249
1459475891.5, 228.660973958
1459475891.6, 229.11806044
1459475891.7, 229.566373108
1459475891.8, 229.955845106
1459475891.9, 230.382603115
1459475892.01, 230.831441814
1459475892.11, 231.248446155
1459475892.21, 231.648195025
1459475892.32, 232.068123957
1459475892.41, 232.476128744
1459475892.51, 232.854859002
1459475892.61, 233.258589881
1459475892.71, 233.696078367
1459475892.82, 234.126441052
1459475892.92, 234.546594381
1459475893.02, 234.983348044
1459475893.12, 235.450570769
1459475893.22, 235.911338142
1459475893.32, 236.347728525
1459475893.42, 236.781003923
1459475893.52, 237.232386429
1459475893.62, 237.67734047
1459475893.72, 238.12452042
1459475893.82, 238.581561565
1459475893.93, 239.169783199
1459475894.03, 239.869749934
1459475894.13, 240.40815241
1459475894.23, 240.844475065
1459475894.33, 241.301440877
1459475894.43, 241.751773536
1459475894.53, 242.3209572
1459475894.63, 242.994463843
1459475894.73, 243.636794595
1459475894.85, 244.173297231
1459475894.94, 244.754330227
1459475895.04, 245.364053157
1459475895.14, 245.884352847
1459475895.24, 246.500121467
1459475895.34, 247.256312343
1459475895.44, 247.915161908
1459475895.54, 248.462136911
1459475895.64, 249.003252726
1459475895.75, 249.549310156
1459475895.85, 250.090153209
1459475895.95, 250.633902064
1459475896.05, 251.184743807
1459475896.15, 251.728276383
1459475896.25, 252.23662149
1459475896.35, 252.719948257
1459475896.45, 253.229756328
1459475896.55, 253.791390785
1459475896.65, 254.393279882
1459475896.76, 254.970687207
1459475896.86, 255.497830167
1459475896.96, 256.022601192
1459475897.06, 256.542268349
1459475897.16, 257.052361937
1459475897.26, 257.579173789
1459475897.37, 258.109353666
1459475897.46, 258.623505303
1459475897.57, 259.127610051
1459475897.67, 259.647090005
1459475897.77, 260.362933319
1459475897.87, 261.034665757
1459475897.97, 261.553636192
1459475898.07, 262.096075829
1459475898.17, 262.659397205
1459475898.27, 263.405964922
1459475898.39, 264.338223196
1459475898.48, 265.208254125
1459475898.58, 265.576664555
1459475898.68, 265.83373882
1459475898.78, 266.040913347
1459475898.88, 265.976683296
1459475898.98, 265.936546979
1459475899.08, 265.909239107
1459475899.18, 265.881979976
1459475899.28, 265.855198822
1459475899.38, 265.828086618
1459475899.48, 265.80066846
1459475899.58, 265.772877086
1459475899.69, 265.732414517
1459475899.79, 265.692529193
1459475899.9, 265.664536471
1459475899.99, 265.63692751
1459475900.09, 265.60970201
1459475900.19, 265.595840337
1459475900.29, 265.595840337
1459475900.39, 265.581662343
1459475900.5, 265.567517449
1459475900.6, 265.567517449
1459475900.7, 265.567517449
1459475900.8, 265.567517449
1459475900.9, 265.567517449
1459475901.0, 265.567517449
1459475901.1, 265.567517449
1459475901.2, 265.567517449
1459475901.3, 265.567517449
1459475901.4, 265.567517449
1459475901.51, 265.567517449
1459475901.61, 265.567517449
1459475901.71, 265.567517449
1459475901.81, 265.567517449
1459475901.91, 265.567517449
1459475902.01, 265.567517449
1459475902.11, 265.567517449
1459475902.21, 265.567517449
1459475902.31, 265.567517449
1459475902.42, 265.567517449
1459475902.52, 265.567517449
1459475902.62, 265.567517449
1459475902.72, 265.567517449
1459475902.82, 265.567517449
1459475902.92, 265.567517449
1459475903.02, 265.567517449
1459475903.12, 265.567517449
1459475903.22, 265.581329309
1459475903.32, 265.59510945
1459475903.43, 265.59510945
1459475903.53, 265.59510945
1459475903.63, 265.59510945
1459475903.73, 265.59510945
1459475903.83, 265.59510945
1459475903.93, 265.59510945
1459475904.03, 265.59510945
1459475904.13, 265.59510945
1459475904.23, 272.588764132
1459475904.33, 295.350737916
1459475904.44, 293.569728177
1459475904.54, 293.569728177
1459475904.74, 300.563382859
1459475904.84, 323.325356643
1459475904.95, 352.698285922
1459475905.05, 384.247846608
1459475905.14, 416.561779221
1459475905.25, 449.170170453
1459475905.35, 481.898998698
1459475905.45, 514.67863209
1459475905.55, 547.480008875
1459475905.65, 580.290751692
1459475905.75, 613.105540433
1459475905.85, 645.922079092
1459475905.95, 678.739375021
1459475906.05, 711.556998732
1459475906.15, 744.374764337
1459475906.25, 777.19259137
1459475906.36, 810.010444995
1459475906.46, 842.828310132
1459475906.56, 875.646180254
1459475906.66, 908.464052534
1459475906.76, 941.281925748
1459475906.86, 974.099799366
1459475906.96, 1006.91767316
1459475907.06, 1039.73554703
1459475907.16, 1072.55342093
1459475907.26, 1105.37129485
1459475907.37, 1138.18916877
1459475907.48, 1171.00704269
1459475907.57, 1203.82491662
1459475907.67, 1236.64279055
1459475907.77, 1269.46066447
1459475907.87, 1302.2785384
1459475907.97, 1335.09641233
1459475908.07, 1367.91428625
1459475908.18, 1400.73216018
1459475908.28, 1433.55003411
1459475908.38, 1466.36790803
1459475908.48, 1499.18578196
1459475908.58, 1532.00365589
1459475908.68, 1564.82152981
1459475908.78, 1597.63940374
1459475908.88, 1630.45727767
1459475908.98, 1663.27515159
1459475909.08, 1696.09302552
1459475909.19, 1728.91089945
1459475909.29, 1761.72877337
1459475909.39, 1794.5466473
1459475909.49, 1827.36452123
1459475909.59, 1860.18239516
1459475909.69, 1893.00026908
1459475909.79, 1925.81814301
1459475909.89, 1958.63601694
1459475910.0, 1991.45389086
1459475910.1, 2024.27176479
1459475910.2, 2057.08963872
1459475910.3, 2089.90751264
1459475910.4, 2122.72538657
1459475910.5, 2155.5432605
1459475910.6, 2188.36113442
1459475910.7, 2221.17900835
1459475910.8, 2253.99688228
1459475910.9, 2286.8147562
1459475911.0, 2319.63263013
1459475911.11, 2352.45050406
1459475911.21, 2385.26837798
1459475911.31, 2418.08625191
1459475911.41, 2450.90412584
1459475911.51, 2483.72199977
1459475911.61, 2516.53987369
1459475911.71, 2549.35774762
1459475911.81, 2582.17562155
1459475911.91, 2614.99349547
1459475912.01, 2647.8113694
1459475912.12, 2680.62924333
1459475912.22, 2713.44711725
1459475912.32, 2746.26499118
1459475912.42, 2779.08286511
1459475912.53, 2811.90073903
1459475912.62, 2844.71861296
1459475912.72, 2877.53648689
1459475912.82, 2910.35436081
1459475912.92, 2943.17223474
1459475913.03, 2975.99010867
1459475913.13, 3008.8079826
1459475913.23, 3041.62585652
1459475913.33, 3074.44373045
1459475913.43, 3107.26160438
1459475913.53, 3140.0794783
1459475913.64, 3172.89735223
1459475913.73, 3205.71522616
1459475913.83, 3238.53310008
1459475913.94, 3271.35097401
1459475914.04, 3304.16884794
1459475914.14, 3336.98672186
1459475914.24, 3369.80459579
1459475914.34, 3402.62246972
1459475914.44, 3435.44034364
1459475914.54, 3468.25821757
1459475914.64, 3501.0760915
1459475914.74, 3533.89396542
1459475914.84, 3566.71183935
1459475914.94, 3599.52971328
1459475915.06, 3632.34758721
1459475915.15, 3665.16546113
1459475915.25, 3697.98333506
1459475915.35, 3730.80120899
1459475915.45, 3763.61908291
1459475915.55, 3796.43695684
1459475915.65, 3829.25483077
1459475915.76, 3862.07270469
1459475915.86, 3894.89057862
1459475915.98, 3927.70845255
1459475916.06, 3960.52632647
1459475916.16, 3993.3442004
1459475916.26, 4026.16207433
1459475916.36, 4058.97994825
1459475916.46, 4091.79782218
1459475916.56, 4124.61569611
1459475916.66, 4157.43357003
1459475916.76, 4190.25144396
1459475916.87, 4223.06931789
1459475916.97, 4255.88719182
1459475917.07, 4288.70506574
1459475917.17, 4321.52293967
1459475917.27, 4354.3408136
1459475917.37, 4387.15868752
1459475917.47, 4419.97656145
1459475917.58, 4452.79443538
1459475917.68, 4485.6123093
1459475917.78, 4518.43018323
1459475917.88, 4551.24805716
1459475917.98, 4584.06593108
1459475918.08, 4616.88380501
1459475918.18, 4649.70167894
1459475918.28, 4682.51955286
1459475918.38, 4715.33742679
1459475918.48, 4748.15530072
1459475918.58, 4780.97317465
1459475918.68, 4813.79104857
1459475918.79, 4846.6089225
1459475918.89, 4879.42679643
1459475918.99, 4912.24467035
1459475919.09, 4945.06254428
1459475919.19, 4977.88041821
1459475919.29, 5010.69829213
1459475919.39, 5043.51616606
1459475919.49, 5076.33403999
1459475919.59, 5109.15191391
1459475919.69, 5141.96978784
1459475919.8, 5174.78766177
1459475919.9, 5207.60553569
1459475920.0, 5240.42340962
1459475920.11, 5273.24128355
1459475920.2, 5306.05915747
1459475920.3, 5338.8770314
1459475920.4, 5371.69490533
1459475920.5, 5404.51277926
1459475920.61, 5437.33065318
1459475920.71, 5470.14852711
1459475920.81, 5502.96640104
1459475920.91, 5535.78427496
1459475921.01, 5568.60214889
1459475921.11, 5601.42002282
1459475921.21, 5634.23789674
1459475921.31, 5667.05577067
1459475921.41, 5699.8736446
1459475921.51, 5732.69151852
1459475921.62, 5765.50939245
1459475921.72, 5798.32726638
1459475921.82, 5831.1451403
1459475921.92, 5863.96301423
1459475922.02, 5896.78088816
1459475922.12, 5929.59876209
1459475922.22, 5962.41663601
1459475922.32, 5995.23450994
1459475922.42, 6028.05238387
1459475922.52, 6060.87025779
1459475922.68, 6093.68813172
1459475922.73, 6126.50600565
1459475922.83, 6159.32387957
1459475922.93, 6192.1417535
1459475923.03, 6224.95962743
1459475923.13, 6257.77750135
1459475923.23, 6290.59537528
1459475923.33, 6323.41324921
1459475923.43, 6356.23112313
1459475923.54, 6389.04899706
1459475923.64, 6421.86687099
1459475923.74, 6454.68474491
1459475923.84, 6487.50261884
1459475923.94, 6520.32049277
1459475924.04, 6553.1383667
1459475924.14, 6585.95624062
1459475924.24, 6618.77411455
1459475924.35, 6651.59198848
1459475924.44, 6684.4098624
1459475924.55, 6717.22773633
1459475924.65, 6750.04561026
1459475924.75, 6782.86348418
1459475924.85, 6815.68135811
1459475924.95, 6848.49923204
1459475925.05, 6881.31710596
1459475925.16, 6914.13497989
1459475925.25, 6946.95285382
1459475925.36, 6979.77072774
1459475925.46, 7012.58860167
1459475925.56, 7045.4064756
1459475925.66, 7078.22434953
1459475925.76, 7111.04222345
1459475925.86, 7143.86009738
1459475925.96, 7176.67797131
1459475926.06, 7209.49584523
1459475926.16, 7242.31371916
1459475926.26, 7275.13159309
1459475926.37, 7307.94946701
1459475926.47, 7340.76734094
1459475926.57, 7373.58521487
1459475926.67, 7406.40308879
1459475926.77, 7439.22096272
1459475926.87, 7472.03883665
1459475926.97, 7504.85671057
1459475927.07, 7537.6745845
1459475927.17, 7570.49245843
1459475927.27, 7603.31033235
1459475927.37, 7636.12820628
1459475927.48, 7668.94608021
1459475927.58, 7701.76395414
1459475927.69, 7734.58182806
1459475927.78, 7767.39970199
1459475927.88, 7800.21757592
1459475927.98, 7833.03544984
1459475928.08, 7865.85332377
1459475928.18, 7898.6711977
1459475928.29, 7931.48907162
1459475928.39, 7964.30694555
1459475928.49, 7997.12481948
1459475928.59, 8029.9426934
1459475928.69, 8062.76056733
1459475928.79, 8095.57844126
1459475928.89, 8128.39631518
1459475928.99, 8161.21418911
1459475929.09, 8194.03206304
1459475929.19, 8226.84993697
1459475929.3, 8259.66781089
1459475929.4, 8292.48568482
1459475929.5, 8325.30355875
1459475929.6, 8358.12143267
1459475929.7, 8390.9393066
1459475929.8, 8423.75718053
1459475929.9, 8456.57505445
1459475930.0, 8489.39292838
1459475930.1, 8522.21080231
1459475930.21, 8555.02867623
1459475930.31, 8587.84655016
1459475930.41, 8620.66442409
1459475930.51, 8653.48229801
1459475930.61, 8686.30017194
1459475930.71, 8719.11804587
1459475930.81, 8751.93591979
1459475930.91, 8784.75379372
1459475931.01, 8817.57166765
1459475931.12, 8850.38954158
1459475931.22, 8883.2074155
1459475931.32, 8916.02528943
1459475931.42, 8948.84316336
1459475931.52, 8981.66103728
1459475931.62, 9014.47891121
1459475931.72, 9047.29678514
1459475931.82, 9080.11465906
1459475931.92, 9112.93253299
1459475932.02, 9145.75040692
1459475932.12, 9178.56828084
1459475932.23, 9211.38615477
1459475932.33, 9244.2040287
1459475932.43, 9277.02190262
1459475932.53, 9309.83977655
1459475932.63, 9342.65765048
1459475932.74, 9375.4755244
1459475932.83, 9408.29339833
1459475932.93, 9441.11127226
1459475933.04, 9473.92914619
1459475933.14, 9506.74702011
1459475933.24, 9539.56489404
1459475933.34, 9572.38276797
1459475933.44, 9605.20064189
1459475933.54, 9638.01851582
1459475933.64, 9670.83638975
1459475933.74, 9703.65426367
1459475933.84, 9736.4721376
1459475933.94, 9769.29001153
1459475934.04, 9802.10788545
1459475934.15, 9834.92575938
1459475934.25, 9867.74363331
1459475934.35, 9900.56150723
1459475934.45, 9933.37938116
1459475934.55, 9966.19725509
1459475934.65, 9999.01512902
1459475934.77, 10031.8330029
1459475934.85, 10064.6508769
1459475934.95, 10097.4687508
1459475935.06, 10130.2866247
1459475935.16, 10163.1044986
1459475935.27, 10195.9223726
1459475935.36, 10228.7402465
1459475935.46, 10261.5581204
1459475935.56, 10294.3759944
1459475935.66, 10327.1938683
1459475935.76, 10360.0117422
1459475935.86, 10392.8296161
1459475935.97, 10425.6474901
1459475936.07, 10458.465364
1459475936.17, 10491.2832379
1459475936.27, 10524.1011118
1459475936.37, 10556.9189858
1459475936.47, 10589.7368597
1459475936.57, 10622.5547336
1459475936.67, 10655.3726076
1459475936.77, 10688.1904815
1459475936.87, 10721.0083554
1459475936.98, 10753.8262293
1459475937.08, 10786.6441033
1459475937.18, 10819.4619772
1459475937.28, 10852.2798511
1459475937.38, 10885.097725
1459475937.48, 10917.915599
1459475937.58, 10950.7334729
1459475937.68, 10983.5513468
1459475937.79, 11016.3692207
1459475937.89, 11049.1870947
1459475937.99, 11082.0049686
1459475938.09, 11114.8228425
1459475938.19, 11147.6407165
1459475938.29, 11180.4585904
1459475938.39, 11213.2764643
1459475938.49, 11246.0943382
1459475938.59, 11278.9122122
1459475938.69, 11311.7300861
1459475938.8, 11344.54796
1459475938.9, 11377.3658339
1459475939.0, 11410.1837079
1459475939.1, 11443.0015818
1459475939.2, 11475.8194557
1459475939.3, 11508.6373297
1459475939.4, 11541.4552036
1459475939.5, 11574.2730775
1459475939.6, 11607.0909514
1459475939.7, 11639.9088254
1459475939.8, 11672.7266993
1459475939.9, 11705.5445732
1459475940.01, 11738.3624471
1459475940.11, 11771.1803211
1459475940.21, 11803.998195
1459475940.32, 11836.8160689
1459475940.44, 11869.6339428
1459475940.52, 11902.4518168
1459475940.61, 11935.2696907
1459475940.72, 11968.0875646
1459475940.82, 12000.9054386
1459475940.92, 12033.7233125
1459475941.02, 12066.5411864
1459475941.12, 12099.3590603
1459475941.22, 12132.1769343
1459475941.32, 12164.9948082
1459475941.42, 12197.8126821
1459475941.52, 12230.630556
1459475941.62, 12263.44843
1459475941.72, 12296.2663039
1459475941.83, 12329.0841778
1459475941.93, 12361.9020517
1459475942.03, 12394.7199257
1459475942.13, 12427.5377996
1459475942.23, 12460.3556735
1459475942.33, 12493.1735475
1459475942.43, 12525.9914214
1459475942.53, 12558.8092953
1459475942.63, 12591.6271692
1459475942.74, 12624.4450432
1459475942.85, 12657.2629171
1459475942.94, 12690.080791
1459475943.04, 12722.8986649
1459475943.14, 12755.7165389
1459475943.24, 12788.5344128
1459475943.34, 12821.3522867
1459475943.44, 12854.1701607
1459475943.54, 12886.9880346
1459475943.65, 12919.8059085
1459475943.75, 12952.6237824
1459475943.85, 12985.4416564
1459475943.95, 13018.2595303
1459475944.05, 13051.0774042
1459475944.15, 13083.8952781
1459475944.25, 13116.7131521
1459475944.35, 13149.531026
1459475944.45, 13182.3488999
1459475944.55, 13215.1667738
1459475944.66, 13247.9846478
1459475944.76, 13280.8025217
1459475944.86, 13313.6203956
1459475944.96, 13346.4382696
1459475945.06, 13379.2561435
1459475945.16, 13412.0740174
1459475945.26, 13444.8918913
1459475945.37, 13477.7097653
1459475945.47, 13510.5276392
1459475945.57, 13543.3455131
1459475945.67, 13576.163387
1459475945.77, 13608.981261
1459475945.87, 13641.7991349
1459475945.97, 13674.6170088
1459475946.07, 13707.4348827
1459475946.17, 13740.2527567
1459475946.27, 13773.0706306
1459475946.37, 13805.8885045
1459475946.48, 13838.7063785
1459475946.58, 13871.5242524
1459475946.68, 13904.3421263
1459475946.78, 13937.1600002
1459475946.88, 13969.9778742
1459475946.98, 14002.7957481
1459475947.08, 14035.613622
1459475947.18, 14068.4314959
1459475947.28, 14101.2493699
1459475947.38, 14134.0672438
1459475947.48, 14166.8851177
1459475947.59, 14199.7029917
1459475947.69, 14232.5208656
1459475947.79, 14265.3387395
1459475947.9, 14298.1566134
1459475947.99, 14330.9744874
1459475948.09, 14363.7923613
1459475948.19, 14396.6102352
1459475948.29, 14429.4281091
1459475948.4, 14462.2459831
1459475948.5, 14495.063857
1459475948.6, 14527.8817309
1459475948.7, 14560.6996048
1459475948.8, 14593.5174788
1459475948.9, 14626.3353527
1459475949.0, 14659.1532266
1459475949.1, 14691.9711006
1459475949.2, 14724.7889745
1459475949.3, 14757.6068484
1459475949.41, 14790.4247223
1459475949.51, 14823.2425963
1459475949.61, 14856.0604702
1459475949.71, 14888.8783441
1459475949.81, 14921.696218
1459475949.91, 14954.514092
1459475950.01, 14987.3319659
1459475950.11, 15020.1498398
1459475950.21, 15052.9677138
1459475950.31, 15085.7855877
1459475950.43, 15118.6034616
1459475950.52, 15151.4213355
1459475950.62, 15184.2392095
1459475950.72, 15217.0570834
1459475950.82, 15249.8749573
1459475950.92, 15282.6928312
1459475951.02, 15315.5107052
1459475951.12, 15348.3285791
1459475951.22, 15381.146453
1459475951.33, 15413.9643269
1459475951.43, 15446.7822009
1459475951.53, 15479.6000748
1459475951.63, 15512.4179487
1459475951.73, 15545.2358227
1459475951.83, 15578.0536966
1459475951.93, 15610.8715705
1459475952.03, 15643.6894444
1459475952.13, 15676.5073184
1459475952.23, 15709.3251923
1459475952.34, 15742.1430662
1459475952.44, 15774.9609401
1459475952.54, 15807.7788141
1459475952.64, 15840.596688
1459475952.74, 15873.4145619
1459475952.84, 15906.2324358
1459475952.95, 15939.0503098
1459475953.04, 15971.8681837
1459475953.15, 16004.6860576
1459475953.25, 16037.5039316
1459475953.35, 16070.3218055
1459475953.45, 16103.1396794
1459475953.55, 16135.9575533
1459475953.65, 16168.7754273
1459475953.75, 16201.5933012
1459475953.85, 16234.4111751
1459475953.95, 16267.229049
1459475954.05, 16300.046923
1459475954.16, 16332.8647969
1459475954.26, 16365.6826708
1459475954.36, 16398.5005448
1459475954.46, 16431.3184187
1459475954.56, 16464.1362926
1459475954.66, 16496.9541665
1459475954.76, 16529.7720405
1459475954.86, 16562.5899144
1459475954.96, 16595.4077883
1459475955.06, 16628.2256622
1459475955.16, 16661.0435362
1459475955.27, 16693.8614101
1459475955.37, 16726.679284
1459475955.48, 16759.4971579
1459475955.57, 16792.3150319
1459475955.67, 16825.1329058
1459475955.77, 16857.9507797
1459475955.87, 16890.7686537
1459475955.97, 16923.5865276
1459475956.08, 16956.4044015
1459475956.18, 16989.2222754
1459475956.28, 17022.0401494
1459475956.38, 17054.8580233
1459475956.48, 17087.6758972
1459475956.58, 17120.4937711
1459475956.68, 17153.3116451
1459475956.78, 17186.129519
1459475956.88, 17218.9473929
1459475956.98, 17251.7652669
1459475957.09, 17284.5831408
1459475957.19, 17317.4010147
1459475957.29, 17350.2188886
1459475957.39, 17383.0367626
1459475957.49, 17415.8546365
1459475957.59, 17448.6725104
1459475957.69, 17481.4903843
1459475957.79, 17514.3082583
1459475957.89, 17547.1261322
1459475958.0, 17579.9440061
1459475958.1, 17612.76188
1459475958.2, 17645.579754
1459475958.3, 17678.3976279
1459475958.4, 17711.2155018
1459475958.5, 17744.0333758
1459475958.6, 17776.8512497
1459475958.7, 17809.6691236
1459475958.8, 17842.4869975
1459475958.91, 17875.3048715
1459475959.01, 17908.1227454
1459475959.11, 17940.9406193
1459475959.21, 17973.7584932
1459475959.31, 18006.5763672
1459475959.41, 18039.3942411
1459475959.51, 18072.212115
1459475959.61, 18105.0299889
1459475959.71, 18137.8478629
1459475959.81, 18170.6657368
1459475959.91, 18203.4836107
1459475960.02, 18236.3014847
1459475960.12, 18269.1193586
1459475960.22, 18301.9372325
1459475960.32, 18334.7551064
1459475960.42, 18367.5729804
1459475960.53, 18400.3908543
1459475960.62, 18433.2087282
1459475960.72, 18466.0266021
1459475960.83, 18498.8444761
1459475960.93, 18531.66235
1459475961.03, 18564.4802239
1459475961.13, 18597.2980979
1459475961.23, 18630.1159718
1459475961.33, 18662.9338457
1459475961.43, 18695.7517196
1459475961.53, 18728.5695936
1459475961.63, 18761.3874675
1459475961.73, 18794.2053414
1459475961.84, 18827.0232153
1459475961.94, 18859.8410893
1459475962.04, 18892.6589632
1459475962.14, 18925.4768371
1459475962.24, 18958.294711
1459475962.34, 18991.112585
1459475962.44, 19023.9304589
1459475962.54, 19056.7483328
1459475962.64, 19089.5662068
1459475962.74, 19122.3840807
1459475962.84, 19155.2019546
1459475962.95, 19188.0198285
1459475963.06, 19220.8377025
1459475963.15, 19253.6555764
1459475963.25, 19286.4734503
1459475963.35, 19319.2913242
1459475963.45, 19352.1091982
1459475963.55, 19384.9270721
1459475963.65, 19417.744946
1459475963.76, 19450.5628199
1459475963.86, 19483.3806939
1459475963.96, 19516.1985678
1459475964.06, 19549.0164417
1459475964.16, 19581.8343157
1459475964.26, 19614.6521896
1459475964.36, 19647.4700635
1459475964.46, 19680.2879374
1459475964.56, 19713.1058114
1459475964.66, 19745.9236853
1459475964.77, 19778.7415592
1459475964.87, 19811.5594331
1459475964.97, 19844.3773071
1459475965.07, 19877.195181
1459475965.17, 19910.0130549
1459475965.27, 19942.8309289
1459475965.37, 19975.6488028
1459475965.47, 20008.4666767
1459475965.58, 20041.2845506
1459475965.68, 20074.1024246
1459475965.78, 20106.9202985
1459475965.88, 20139.7381724
1459475965.98, 20172.5560463
1459475966.08, 20205.3739203
1459475966.18, 20238.1917942
1459475966.28, 20271.0096681
1459475966.38, 20303.827542
1459475966.48, 20336.645416
1459475966.59, 20369.4632899
1459475966.69, 20402.2811638
1459475966.79, 20435.0990378
1459475966.89, 20467.9169117
1459475966.99, 20500.7347856
1459475967.09, 20533.5526595
1459475967.19, 20566.3705335
1459475967.29, 20599.1884074
1459475967.39, 20632.0062813
1459475967.49, 20664.8241552
1459475967.6, 20697.6420292
1459475967.7, 20730.4599031
1459475967.8, 20763.277777
1459475967.9, 20796.095651
1459475968.0, 20828.9135249
1459475968.11, 20861.7313988
1459475968.2, 20894.5492727
1459475968.3, 20927.3671467
1459475968.4, 20960.1850206
1459475968.51, 20993.0028945
1459475968.61, 21025.8207684
1459475968.71, 21058.6386424
1459475968.81, 21091.4565163
1459475968.91, 21124.2743902
1459475969.01, 21157.0922641
1459475969.11, 21189.9101381
1459475969.21, 21222.728012
1459475969.31, 21255.5458859
1459475969.41, 21288.3637599
1459475969.52, 21321.1816338
1459475969.62, 21353.9995077
1459475969.72, 21386.8173816
1459475969.82, 21419.6352556
1459475969.92, 21452.4531295
1459475970.02, 21485.2710034
1459475970.12, 21518.0888773
1459475970.22, 21550.9067513
1459475970.32, 21583.7246252
1459475970.42, 21616.5424991
1459475970.53, 21649.360373
1459475970.64, 21682.178247
1459475970.73, 21714.9961209
1459475970.83, 21747.8139948
1459475970.93, 21780.6318688
1459475971.03, 21813.4497427
1459475971.13, 21846.2676166
1459475971.23, 21879.0854905
1459475971.34, 21911.9033645
1459475971.44, 21944.7212384
1459475971.54, 21977.5391123
1459475971.64, 22010.3569862
1459475971.74, 22043.1748602
1459475971.84, 22075.9927341
1459475971.94, 22108.810608
1459475972.04, 22141.628482
1459475972.14, 22174.4463559
1459475972.24, 22207.2642298
1459475972.34, 22240.0821037
1459475972.45, 22272.8999777
1459475972.55, 22305.7178516
1459475972.65, 22338.5357255
1459475972.75, 22371.3535994
1459475972.85, 22404.1714734
1459475972.95, 22436.9893473
1459475973.05, 22469.8072212
1459475973.16, 22502.6250951
1459475973.26, 22535.4429691
1459475973.36, 22568.260843
1459475973.46, 22601.0787169
1459475973.56, 22633.8965909
1459475973.66, 22666.7144648
1459475973.76, 22699.5323387
1459475973.86, 22732.3502126
1459475973.96, 22765.1680866
1459475974.06, 22797.9859605
1459475974.16, 22830.8038344
1459475974.27, 22863.6217083
1459475974.37, 22896.4395823
1459475974.47, 22929.2574562
1459475974.57, 22962.0753301
1459475974.67, 22994.893204
1459475974.77, 23027.711078
1459475974.87, 23060.5289519
1459475974.97, 23093.3468258
1459475975.07, 23126.1646998
1459475975.17, 23158.9825737
1459475975.27, 23191.8004476
1459475975.38, 23224.6183215
1459475975.48, 23257.4361955
1459475975.58, 23290.2540694
1459475975.69, 23323.0719433
1459475975.78, 23355.8898172
1459475975.88, 23388.7076912
1459475975.98, 23421.5255651
1459475976.08, 23454.343439
1459475976.19, 23487.161313
1459475976.29, 23519.9791869
1459475976.39, 23552.7970608
1459475976.49, 23585.6149347
1459475976.59, 23618.4328087
1459475976.69, 23651.2506826
1459475976.79, 23684.0685565
1459475976.89, 23716.8864304
1459475976.99, 23749.7043044
1459475977.09, 23782.5221783
1459475977.2, 23815.3400522
1459475977.3, 23848.1579261
1459475977.4, 23880.9758001
1459475977.5, 23913.793674
1459475977.6, 23946.6115479
1459475977.7, 23979.4294219
1459475977.8, 24012.2472958
1459475977.9, 24045.0651697
1459475978.0, 24077.8830436
1459475978.1, 24110.7009176
1459475978.22, 24143.5187915
1459475978.31, 24176.3366654
1459475978.41, 24209.1545393
1459475978.51, 24241.9724133
1459475978.61, 24274.7902872
1459475978.71, 24307.6081611
1459475978.81, 24340.4260351
1459475978.91, 24373.243909
1459475979.02, 24406.0617829
1459475979.12, 24438.8796568
1459475979.22, 24471.6975308
1459475979.32, 24504.5154047
1459475979.42, 24537.3332786
1459475979.52, 24570.1511525
1459475979.62, 24602.9690265
1459475979.72, 24635.7869004
