1459476370.45, 0.125973824005
1459476370.55, 0.397512895092
1459476370.65, 0.675998805799
1459476370.75, 0.941651037542
1459476370.85, 1.21039366171
1459476370.95, 1.46395992921
1459476371.05, 1.71158673964
1459476371.15, 1.98036485928
1459476371.25, 2.24641731299
1459476371.36, 2.51929552934
1459476371.46, 2.79247981312
1459476371.56, 3.06755966718
1459476371.66, 3.35899338032
1459476371.76, 3.64957379327
1459476371.86, 3.94572977249
1459476371.96, 4.23970679865
1459476372.06, 4.52193109734
1459476372.16, 4.8408217226
1459476372.26, 5.16006684928
1459476372.37, 5.43406256283
1459476372.47, 5.7179604409
1459476372.57, 6.01064843228
1459476372.67, 6.28260661938
1459476372.78, 6.54644887449
1459476372.87, 6.80595654346
1459476372.97, 7.06682767895
1459476373.08, 7.35565688352
1459476373.18, 7.65579876587
1459476373.28, 7.94027652457
1459476373.38, 8.21334898075
1459476373.48, 8.47975443735
1459476373.58, 8.84198440052
1459476373.68, 9.22276870296
1459476373.78, 9.5228944821
1459476373.88, 9.81386912936
1459476373.98, 10.1047353529
1459476374.09, 10.3869650953
1459476374.19, 10.6721815635
1459476374.29, 10.9641486304
1459476374.39, 11.243714247
1459476374.49, 11.519987095
1459476374.59, 11.7866952194
1459476374.69, 12.057141741
1459476374.79, 12.3450118457
1459476374.89, 12.6336237529
1459476374.99, 12.9015685342
1459476375.09, 13.1805162754
1459476375.2, 13.4676212382
1459476375.31, 13.7527032585
1459476375.4, 14.0656426833
1459476375.5, 14.3820241691
1459476375.6, 14.6793039896
1459476375.7, 14.9788413847
1459476375.8, 15.2944694749
1459476375.9, 15.5902408207
1459476376.01, 15.8606491575
1459476376.11, 16.1266447469
1459476376.21, 16.3925923879
1459476376.31, 16.6551836158
1459476376.41, 16.919421955
1459476376.51, 17.2070311721
1459476376.61, 17.5000456888
1459476376.71, 17.8309599776
1459476376.81, 18.1516958165
1459476376.91, 18.418099542
1459476377.01, 18.6892678123
1459476377.12, 18.9608088555
1459476377.22, 19.2282253449
1459476377.32, 19.4955967889
1459476377.42, 19.7678394622
1459476377.52, 20.0410005269
1459476377.62, 20.3160269441
1459476377.72, 20.583842492
1459476377.83, 20.839674004
1459476377.93, 21.1173043148
1459476378.03, 21.413176326
1459476378.13, 21.7231933143
1459476378.23, 22.0210766429
1459476378.33, 22.2917505362
1459476378.43, 22.5762174599
1459476378.53, 22.8802073952
1459476378.63, 23.1741618625
1459476378.73, 23.4531270177
1459476378.83, 23.7243791937
1459476378.94, 23.9934641252
1459476379.04, 24.2715019185
1459476379.14, 24.5500041597
1459476379.24, 24.8268084229
1459476379.34, 25.0974465494
1459476379.44, 25.3611628521
1459476379.54, 25.6268837783
1459476379.64, 25.9126454361
1459476379.74, 26.1988219233
1459476379.84, 26.4728770176
1459476379.94, 26.7562044097
1459476380.05, 27.0450357186
1459476380.15, 27.3393663174
1459476380.25, 27.6346798084
1459476380.36, 27.9704496561
1459476380.45, 28.3396942775
1459476380.55, 28.6573701307
1459476380.65, 28.9390056131
1459476380.75, 29.2128011417
1459476380.86, 29.4916255795
1459476380.96, 29.7700213742
1459476381.06, 30.0368502299
1459476381.16, 30.3259788674
1459476381.26, 30.6331747945
1459476381.36, 30.9373037844
1459476381.46, 31.2337878809
1459476381.56, 31.5518441081
1459476381.66, 31.8660350172
1459476381.76, 32.1675942293
1459476381.87, 32.4779838183
1459476381.97, 32.7944402912
1459476382.07, 33.1110499948
1459476382.17, 33.4142062772
1459476382.27, 33.7290313301
1459476382.37, 34.0492937963
1459476382.47, 34.3649366854
1459476382.57, 34.6710232378
1459476382.67, 34.9638160425
1459476382.77, 35.2616604965
1459476382.89, 35.5599013054
1459476382.98, 35.8491252087
1459476383.08, 36.1302856174
1459476383.18, 36.4079587101
1459476383.28, 36.6949371047
1459476383.38, 37.000913364
1459476383.48, 37.3039734735
1459476383.58, 37.5911529634
1459476383.69, 37.8676090767
1459476383.79, 38.1464594836
1459476383.89, 38.4345747742
1459476383.99, 38.7107039512
1459476384.09, 38.9746587324
1459476384.19, 39.2384822898
1459476384.29, 39.5114893435
1459476384.39, 39.7893194441
1459476384.49, 40.0725204338
1459476384.59, 40.351809461
1459476384.7, 40.6109621072
1459476384.8, 40.8748561314
1459476384.9, 41.1606700825
1459476385.0, 41.4432119309
1459476385.1, 41.7093025711
1459476385.2, 41.9806146705
1459476385.3, 42.25260924
1459476385.41, 42.5166673182
1459476385.51, 42.7942538534
1459476385.61, 43.0808277818
1459476385.71, 43.3551094845
1459476385.81, 43.6212475327
1459476385.91, 43.891250785
1459476386.01, 44.1743006633
1459476386.11, 44.4626414098
1459476386.21, 44.752388838
1459476386.31, 45.0259848149
1459476386.41, 45.2841252237
1459476386.51, 45.5386286903
1459476386.62, 45.7939294929
1459476386.72, 46.0612477887
1459476386.82, 46.3132914677
1459476386.92, 46.5432064915
1459476387.02, 46.7897231636
1459476387.12, 47.0485030299
1459476387.22, 47.2892215235
1459476387.32, 47.5263661848
1459476387.42, 47.7830501101
1459476387.52, 48.1110210331
1459476387.62, 48.4176839446
1459476387.73, 48.6549785271
1459476387.83, 48.9002101442
1459476387.94, 49.1730451323
1459476388.03, 49.4604017114
1459476388.13, 49.7202246066
1459476388.23, 49.961273263
1459476388.33, 50.2151367892
1459476388.43, 50.4700715268
1459476388.54, 50.7389385504
1459476388.64, 51.0024645622
1459476388.74, 51.2352046195
1459476388.84, 51.4724218449
1459476388.94, 51.7063173379
1459476389.04, 51.9586454765
1459476389.14, 52.21989513
1459476389.24, 52.4673960839
1459476389.34, 52.7044146432
1459476389.44, 52.9349025983
1459476389.55, 53.1588471019
1459476389.65, 53.3856373109
1459476389.75, 53.6321977927
1459476389.85, 53.8664767815
1459476389.95, 54.084790234
1459476390.05, 54.3034055363
1459476390.15, 54.5191032397
1459476390.25, 54.7353185205
1459476390.35, 54.9518356673
1459476390.46, 55.1722974406
1459476390.56, 55.3901927334
1459476390.66, 55.5961064739
1459476390.76, 55.8024178594
1459476390.86, 56.0150259778
1459476390.96, 56.2346157967
1459476391.06, 56.4554172189
1459476391.16, 56.6815629565
1459476391.26, 56.8956581338
1459476391.37, 57.1275044359
1459476391.47, 57.37260274
1459476391.57, 57.5896820804
1459476391.67, 57.854890353
1459476391.77, 58.1110685567
1459476391.87, 58.3152372728
1459476391.97, 58.5330402893
1459476392.07, 58.744851736
1459476392.17, 58.9441444139
1459476392.27, 59.1406682771
1459476392.37, 59.3447698189
1459476392.48, 59.5620677305
1459476392.58, 59.7793658919
1459476392.68, 59.9908013349
1459476392.78, 60.2004119575
1459476392.88, 60.4120683775
1459476392.99, 60.6221075851
1459476393.08, 60.8551290939
1459476393.18, 61.0919848678
1459476393.29, 61.3167087354
1459476393.39, 61.5327730167
1459476393.49, 61.7310540832
1459476393.59, 61.9376771355
1459476393.69, 62.1565228836
1459476393.79, 62.3646333105
1459476393.89, 62.5709851497
1459476393.99, 62.7925405698
1459476394.09, 63.039426903
1459476394.19, 63.2806562903
1459476394.3, 63.490074639
1459476394.4, 63.6931154232
1459476394.5, 63.9041424833
1459476394.6, 64.1222906434
1459476394.7, 64.3435328564
1459476394.8, 64.5614759681
1459476394.9, 64.7880548722
1459476395.0, 65.0154158506
1459476395.1, 65.2266762891
1459476395.2, 65.4887224721
1459476395.31, 65.751445699
1459476395.41, 65.9554847705
1459476395.52, 66.1507341371
1459476395.61, 66.3598096331
1459476395.71, 66.6120051652
1459476395.81, 66.9225841047
1459476395.91, 67.1931459607
1459476396.01, 67.4096742358
1459476396.12, 67.6360584694
1459476396.22, 67.8643440126
1459476396.32, 68.088006843
1459476396.42, 68.3784639706
1459476396.52, 68.6678174104
1459476396.62, 68.897558955
1459476396.72, 69.139382813
1459476396.82, 69.3719560232
1459476396.92, 69.5960159654
1459476397.02, 69.8219297517
1459476397.13, 70.0504220182
1459476397.23, 70.291505808
1459476397.33, 70.5224256445
1459476397.43, 70.8081543895
1459476397.53, 71.1079278303
1459476397.63, 71.3376847554
1459476397.73, 71.5406298688
1459476397.83, 71.7373689509
1459476397.93, 71.9547759807
1459476398.04, 72.1884255352
1459476398.14, 72.417493244
1459476398.24, 72.651263365
1459476398.34, 72.9240496297
1459476398.44, 73.2424254501
1459476398.54, 73.5810819837
1459476398.64, 73.9299890088
1459476398.74, 74.2903282027
1459476398.84, 74.6514403691
1459476398.94, 74.991634567
1459476399.05, 75.3118269284
1459476399.15, 75.6132400517
1459476399.25, 75.9023051649
1459476399.35, 76.1573469827
1459476399.45, 76.3796748067
1459476399.55, 76.6029921666
1459476399.65, 76.8507761529
1459476399.75, 77.1311095949
1459476399.85, 77.4356996733
1459476399.95, 77.7599687398
1459476400.05, 78.0891463964
1459476400.16, 78.4134811687
1459476400.26, 78.7438401515
1459476400.36, 79.0897059954
1459476400.46, 79.430285158
1459476400.57, 79.7668397844
1459476400.66, 80.0844814522
1459476400.76, 80.4390663533
1459476400.86, 80.8791739272
1459476400.97, 81.2164756239
1459476401.07, 81.4332213176
1459476401.17, 81.6565628784
1459476401.27, 81.8834575159
1459476401.37, 82.1418237792
1459476401.47, 82.4172055446
1459476401.57, 82.6728301778
1459476401.67, 82.9294106067
1459476401.77, 83.1652491253
1459476401.87, 83.3914640033
1459476401.98, 83.6283090202
1459476402.08, 83.8582599415
1459476402.18, 84.0848113795
1459476402.28, 84.3113311993
1459476402.38, 84.541753998
1459476402.48, 84.776929355
1459476402.58, 85.0093631458
1459476402.68, 85.2320187193
1459476402.78, 85.4422092723
1459476402.88, 85.6492140368
1459476402.99, 85.8596166428
1459476403.1, 86.0616444171
1459476403.19, 86.2628198724
1459476403.29, 86.4660730997
1459476403.39, 86.6805244167
1459476403.49, 86.9177972713
1459476403.59, 87.132457338
1459476403.69, 87.3352276919
1459476403.8, 87.5384697107
1459476403.9, 87.7268018971
1459476404.0, 87.91789119
1459476404.1, 88.121957575
1459476404.2, 88.3265608007
1459476404.3, 88.5191837452
1459476404.4, 88.706007909
1459476404.5, 88.8996259813
1459476404.6, 89.1030628385
1459476404.7, 89.3009386009
1459476404.81, 89.5403646673
1459476404.91, 89.7729236112
1459476405.01, 89.9378860644
1459476405.11, 90.0888612298
1459476405.21, 90.248270384
1459476405.31, 90.4133171653
1459476405.41, 90.5784024757
1459476405.51, 90.7551256614
1459476405.62, 90.9499646948
1459476405.72, 91.1311106172
1459476405.82, 91.2867098419
1459476405.92, 91.444600499
1459476406.02, 91.6138339295
1459476406.12, 91.7864702279
1459476406.22, 91.9622352283
1459476406.32, 92.1410398165
1459476406.42, 92.3198668468
1459476406.52, 92.4986940428
1459476406.62, 92.666374835
1459476406.73, 92.8256220043
1459476406.83, 92.9735760704
1459476406.93, 93.1111390562
1459476407.03, 93.2562162934
1459476407.13, 93.4059267614
1459476407.23, 93.5640179426
1459476407.33, 93.7370090027
1459476407.43, 93.9233191269
1459476407.53, 94.1128799252
1459476407.63, 94.2992188236
1459476407.73, 94.4855329789
1459476407.84, 94.6726402434
1459476407.94, 94.8573662198
1459476408.04, 95.0451018099
1459476408.15, 95.2313352245
1459476408.24, 95.4406860067
1459476408.34, 95.6475402158
1459476408.44, 95.821194491
1459476408.54, 95.9952185291
1459476408.65, 96.1748996863
1459476408.75, 96.3574025867
1459476408.85, 96.5538038796
1459476408.95, 96.7624946909
1459476409.05, 97.0160753034
1459476409.15, 97.2838485578
1459476409.25, 97.5654734059
1459476409.35, 97.9563718858
1459476409.45, 98.3651576008
1459476409.55, 98.6819224142
1459476409.66, 98.9580519966
1459476409.76, 99.2233390852
1459476409.86, 99.5057796528
1459476409.96, 99.9089114779
1459476410.06, 100.368773433
1459476410.16, 100.79597012
1459476410.26, 101.174274718
1459476410.36, 101.45734212
1459476410.46, 101.661637068
1459476410.56, 101.85473793
1459476410.68, 102.053522539
1459476410.77, 102.248053104
1459476410.87, 102.455112275
1459476410.97, 102.662612068
1459476411.07, 102.865987301
1459476411.17, 103.099688116
1459476411.27, 103.333277941
1459476411.37, 103.541087939
1459476411.47, 103.748470088
1459476411.58, 103.988325207
1459476411.68, 104.219107067
1459476411.78, 104.44064398
1459476411.88, 104.677838107
1459476411.98, 104.883432259
1459476412.08, 105.072415185
1459476412.18, 105.277766732
1459476412.28, 105.509856149
1459476412.38, 105.771629606
1459476412.48, 106.042955239
1459476412.59, 106.270749411
1459476412.69, 106.481710761
1459476412.79, 106.713523365
1459476412.89, 106.917482541
1459476412.99, 107.105727426
1459476413.09, 107.299200717
1459476413.2, 107.495765867
1459476413.29, 107.700384548
1459476413.4, 107.91187173
1459476413.5, 108.121701551
1459476413.6, 108.306756191
1459476413.7, 108.478073962
1459476413.8, 108.671703161
1459476413.9, 108.867643844
1459476414.0, 109.085510825
1459476414.1, 109.358253029
1459476414.2, 109.603311774
1459476414.3, 109.834855789
1459476414.41, 110.082514844
1459476414.51, 110.315958649
1459476414.61, 110.526981246
1459476414.71, 110.761540051
1459476414.81, 110.99893177
1459476414.91, 111.207796192
1459476415.01, 111.438361595
1459476415.11, 111.65312713
1459476415.21, 111.836647409
1459476415.31, 112.04836292
1459476415.42, 112.287582269
1459476415.52, 112.501221784
1459476415.62, 112.720091119
1459476415.73, 112.944841475
1459476415.82, 113.160266737
1459476415.92, 113.364955563
1459476416.02, 113.561320149
1459476416.12, 113.815189724
1459476416.23, 114.115138305
1459476416.33, 114.355711691
1459476416.43, 114.571046169
1459476416.53, 114.800359047
1459476416.63, 115.008655615
1459476416.73, 115.224811847
1459476416.83, 115.460419582
1459476416.93, 115.675724949
1459476417.03, 115.870332123
1459476417.13, 116.060017752
1459476417.23, 116.242164791
1459476417.34, 116.416395202
1459476417.44, 116.628964749
1459476417.54, 116.852005326
1459476417.64, 117.056694695
1459476417.74, 117.303695314
1459476417.84, 117.554601968
1459476417.94, 117.788443932
1459476418.04, 118.003425825
1459476418.14, 118.207292319
1459476418.25, 118.417852412
1459476418.35, 118.650399292
1459476418.45, 118.869699742
1459476418.55, 119.05514968
1459476418.65, 119.233986652
1459476418.75, 119.424388987
1459476418.85, 119.627734325
1459476418.95, 119.827554204
1459476419.05, 120.01629954
1459476419.16, 120.237543793
1459476419.26, 120.487867875
1459476419.36, 120.709829105
1459476419.46, 120.89557148
1459476419.56, 121.072675624
1459476419.66, 121.263652818
1459476419.76, 121.450838775
1459476419.86, 121.637132645
1459476419.96, 121.819940846
1459476420.06, 122.008577473
1459476420.16, 122.216328877
1459476420.27, 122.457904394
1459476420.37, 122.702870911
1459476420.47, 122.904797004
1459476420.57, 123.10584458
1459476420.67, 123.308429252
1459476420.78, 123.533848679
1459476420.87, 123.767678186
1459476420.97, 123.99821763
1459476421.08, 124.257146646
1459476421.18, 124.492534982
1459476421.28, 124.693017156
1459476421.38, 124.912621164
1459476421.48, 125.133433583
1459476421.58, 125.340010329
1459476421.68, 125.577766043
1459476421.78, 125.823915239
1459476421.88, 126.051353721
1459476421.98, 126.295089493
1459476422.09, 126.54487286
1459476422.19, 126.775091046
1459476422.29, 126.969449636
1459476422.39, 127.169740304
1459476422.49, 127.386050078
1459476422.59, 127.61763605
1459476422.69, 127.867135212
1459476422.79, 128.086748527
1459476422.89, 128.314054976
1459476422.99, 128.578941754
1459476423.1, 128.866150284
1459476423.2, 129.099887283
1459476423.31, 129.295484843
1459476423.4, 129.494799199
1459476423.5, 129.710632586
1459476423.6, 129.951106272
1459476423.7, 130.200240905
1459476423.8, 130.424150081
1459476423.91, 130.622270594
1459476424.01, 130.885615048
1459476424.11, 131.180092633
1459476424.21, 131.467381028
1459476424.31, 131.765491837
1459476424.41, 132.048963753
1459476424.51, 132.284326307
1459476424.61, 132.569454445
1459476424.71, 133.01213077
1459476424.81, 133.538239776
1459476424.91, 133.931941069
1459476425.02, 134.1779227
1459476425.12, 134.397251566
1459476425.22, 134.608222136
1459476425.32, 134.860180234
1459476425.42, 135.130272305
1459476425.52, 135.375007249
1459476425.62, 135.621254139
1459476425.72, 135.896898124
1459476425.83, 136.203646615
1459476425.93, 136.525133466
1459476426.03, 136.857220052
1459476426.13, 137.194656634
1459476426.23, 137.49936447
1459476426.33, 137.802328781
1459476426.43, 138.097224009
1459476426.53, 138.419396924
1459476426.63, 138.761111761
1459476426.73, 139.049186602
1459476426.84, 139.313943065
1459476426.94, 139.561392342
1459476427.04, 139.811122057
1459476427.14, 140.061330132
1459476427.24, 140.313027107
1459476427.34, 140.573059084
1459476427.44, 140.822476676
1459476427.54, 141.073493211
1459476427.64, 141.329961497
1459476427.74, 141.643917141
1459476427.84, 141.973400066
1459476427.95, 142.251135299
1459476428.05, 142.517753645
1459476428.15, 142.797730566
1459476428.25, 143.069612007
1459476428.36, 143.386775112
1459476428.45, 143.714458043
1459476428.55, 144.020011078
1459476428.65, 144.308662648
1459476428.76, 144.600655812
1459476428.86, 144.922429071
1459476428.96, 145.211773387
1459476429.06, 145.50332152
1459476429.16, 145.828532588
1459476429.3, 146.11276044
1459476429.36, 146.268621036
1459476429.46, 146.308456646
1459476429.56, 146.29518832
1459476429.66, 146.273071145
1459476429.77, 146.251707349
1459476429.87, 146.235054077
1459476429.97, 146.230886207
1459476430.07, 146.226964723
1459476430.17, 146.223045804
1459476430.27, 146.223045804
1459476430.37, 146.223045804
1459476430.47, 146.223045804
1459476430.57, 146.223045804
1459476430.67, 146.223045804
1459476430.78, 146.223045804
1459476430.89, 146.223045804
1459476430.98, 146.223045804
1459476431.08, 146.223045804
1459476431.18, 146.223045804
1459476431.28, 146.223045804
1459476431.38, 146.223045804
1459476431.48, 146.223045804
1459476431.58, 146.223045804
1459476431.69, 146.223045804
1459476431.79, 146.223045804
1459476431.89, 146.223045804
1459476431.99, 146.223045804
1459476432.09, 146.223045804
1459476432.19, 146.223045804
1459476432.29, 146.223045804
1459476432.39, 146.223045804
1459476432.49, 146.223045804
1459476432.59, 146.223045804
1459476432.7, 146.223045804
1459476432.8, 146.223045804
1459476432.9, 146.223045804
1459476433.0, 146.223045804
1459476433.1, 146.223045804
1459476433.2, 146.223045804
1459476433.3, 146.223045804
1459476433.41, 146.223045804
1459476433.51, 146.223045804
1459476433.61, 146.223045804
1459476433.71, 146.223045804
1459476433.81, 146.223045804
1459476433.91, 146.223045804
1459476434.01, 146.223045804
1459476434.11, 146.223045804
1459476434.21, 146.223045804
1459476434.31, 146.223045804
1459476434.41, 146.223045804
1459476434.52, 146.223045804
1459476434.62, 146.223045804
1459476434.72, 146.223045804
1459476434.82, 146.223045804
1459476434.92, 146.223045804
1459476435.02, 146.223045804
1459476435.12, 146.223045804
1459476435.22, 146.223045804
1459476435.32, 146.223045804
1459476435.42, 146.223045804
1459476435.52, 146.223045804
1459476435.63, 146.223045804
1459476435.73, 146.219571081
1459476435.83, 146.216098376
1459476435.94, 146.216098376
1459476436.03, 146.216098376
1459476436.13, 146.216098376
1459476436.23, 146.216098376
1459476436.33, 146.216098376
1459476436.44, 146.216098376
1459476436.54, 146.216098376
1459476436.64, 146.216098376
1459476436.74, 146.216098376
1459476436.84, 146.216098376
1459476436.94, 146.216098376
1459476437.04, 146.216098376
1459476437.14, 146.216098376
1459476437.24, 146.216098376
1459476437.34, 146.216098376
1459476437.45, 146.216098376
1459476437.55, 146.216098376
1459476437.65, 146.216098376
1459476437.75, 146.216098376
1459476437.85, 146.216098376
1459476437.95, 146.216098376
1459476438.05, 146.216098376
1459476438.15, 146.216098376
1459476438.25, 146.216098376
1459476438.35, 146.216098376
1459476438.47, 146.216098376
1459476438.56, 146.216098376
1459476438.66, 146.216098376
1459476438.76, 146.216098376
1459476438.86, 146.216098376
1459476438.96, 146.216098376
1459476439.06, 146.216098376
1459476439.16, 146.216098376
1459476439.26, 146.216098376
1459476439.37, 146.216098376
1459476439.47, 146.216098376
1459476439.57, 146.216098376
1459476439.67, 146.216098376
1459476439.77, 146.216098376
1459476439.87, 146.216098376
1459476439.97, 146.216098376
1459476440.07, 146.216098376
1459476440.17, 146.216098376
1459476440.27, 146.216098376
1459476440.38, 146.216098376
1459476440.48, 146.216098376
1459476440.58, 146.216098376
1459476440.68, 146.216098376
1459476440.78, 146.216098376
1459476440.88, 146.216098376
1459476440.99, 146.216098376
1459476441.08, 146.216098376
1459476441.19, 146.216098376
1459476441.29, 146.216098376
1459476441.39, 146.216098376
1459476441.49, 146.216098376
1459476441.59, 146.216098376
1459476441.69, 146.216098376
1459476441.79, 146.216098376
1459476441.89, 146.216098376
1459476441.99, 146.216098376
1459476442.09, 146.216098376
1459476442.2, 146.216098376
1459476442.3, 146.216098376
1459476442.4, 146.216098376
1459476442.5, 146.216098376
1459476442.6, 146.216098376
1459476442.7, 146.216098376
1459476442.8, 146.216098376
1459476442.9, 146.216098376
1459476443.0, 146.216098376
1459476443.1, 146.216098376
1459476443.2, 146.216098376
1459476443.31, 146.216098376
1459476443.41, 146.216098376
1459476443.52, 146.216098376
1459476443.61, 146.216098376
1459476443.71, 146.216098376
1459476443.81, 146.216098376
1459476443.91, 146.216098376
1459476444.01, 146.216098376
1459476444.12, 146.216098376
1459476444.22, 146.216098376
1459476444.32, 146.216098376
1459476444.42, 146.216098376
1459476444.52, 146.216098376
1459476444.62, 146.216098376
1459476444.72, 146.216098376
1459476444.82, 146.216098376
1459476444.92, 146.216098376
1459476445.02, 146.216098376
1459476445.13, 146.216098376
1459476445.23, 146.216098376
1459476445.33, 146.216098376
1459476445.43, 146.216098376
1459476445.53, 146.216098376
1459476445.63, 146.216098376
1459476445.73, 146.216098376
1459476445.83, 146.216098376
1459476445.93, 146.216098376
1459476446.05, 146.216098376
1459476446.14, 146.216098376
1459476446.24, 146.216098376
1459476446.34, 146.216098376
1459476446.44, 146.216098376
1459476446.54, 146.216098376
1459476446.64, 146.216098376
1459476446.74, 146.216098376
1459476446.84, 146.216098376
1459476446.94, 146.216098376
1459476447.05, 146.216098376
1459476447.15, 146.216098376
1459476447.25, 146.216098376
1459476447.35, 146.216098376
1459476447.45, 146.216098376
1459476447.55, 146.216098376
1459476447.65, 146.216098376
1459476447.75, 146.216098376
1459476447.85, 146.216098376
1459476447.95, 146.216098376
1459476448.06, 146.216098376
1459476448.16, 146.216098376
1459476448.26, 146.216098376
1459476448.36, 146.216098376
1459476448.46, 146.216098376
1459476448.57, 146.216098376
1459476448.66, 146.216098376
1459476448.76, 146.216098376
1459476448.87, 146.216098376
1459476448.97, 146.216098376
1459476449.07, 146.216098376
1459476449.17, 146.216098376
1459476449.27, 146.216098376
1459476449.37, 146.216098376
1459476449.47, 146.216098376
1459476449.57, 146.216098376
1459476449.67, 146.216098376
1459476449.78, 146.216098376
1459476449.88, 146.216098376
1459476449.98, 146.216098376
1459476450.08, 146.216098376
1459476450.18, 146.216098376
1459476450.28, 146.216098376
1459476450.38, 146.216098376
1459476450.48, 146.216098376
1459476450.58, 146.216098376
1459476450.68, 146.216098376
1459476450.78, 146.216098376
1459476450.89, 146.216098376
1459476450.99, 146.216098376
1459476451.1, 146.216098376
1459476451.19, 146.216098376
1459476451.29, 146.216098376
1459476451.39, 146.216098376
1459476451.49, 146.216098376
1459476451.59, 146.216098376
1459476451.7, 146.216098376
1459476451.8, 146.216098376
1459476451.9, 146.216098376
1459476452.0, 146.216098376
1459476452.1, 146.216098376
1459476452.2, 146.216098376
1459476452.3, 146.216098376
1459476452.4, 146.216098376
1459476452.5, 146.216098376
1459476452.6, 146.216098376
1459476452.71, 146.216098376
1459476452.81, 146.216098376
1459476452.91, 146.216098376
1459476453.01, 146.216098376
1459476453.11, 146.216098376
1459476453.21, 146.216098376
1459476453.31, 146.216098376
1459476453.41, 146.216098376
1459476453.51, 146.216098376
1459476453.62, 146.216098376
1459476453.72, 146.216098376
1459476453.82, 146.216098376
1459476453.92, 146.216098376
1459476454.02, 146.216098376
1459476454.12, 146.216098376
1459476454.22, 146.216098376
1459476454.32, 146.216098376
1459476454.42, 146.216098376
1459476454.52, 146.216098376
1459476454.63, 146.216098376
1459476454.73, 146.216098376
1459476454.83, 146.216098376
1459476454.93, 146.216098376
1459476455.03, 146.216098376
1459476455.17, 146.216098376
1459476455.23, 146.216098376
1459476455.33, 146.216098376
1459476455.43, 146.216098376
1459476455.53, 146.216098376
1459476455.63, 146.216098376
1459476455.74, 146.216098376
1459476455.84, 146.216098376
1459476455.94, 146.216098376
1459476456.04, 146.216098376
1459476456.15, 146.216098376
1459476456.25, 146.216098376
1459476456.34, 146.216098376
1459476456.44, 146.216098376
1459476456.55, 146.216098376
1459476456.65, 146.216098376
1459476456.75, 146.216098376
1459476456.85, 146.216098376
1459476456.95, 146.216098376
1459476457.05, 146.216098376
1459476457.16, 146.216098376
1459476457.25, 146.216098376
1459476457.36, 146.216098376
1459476457.47, 146.216098376
1459476457.55, 146.216098376
1459476457.66, 146.216098376
1459476457.76, 146.216098376
1459476457.86, 146.216098376
1459476457.96, 146.216098376
1459476458.06, 146.216098376
1459476458.16, 146.216098376
1459476458.26, 146.216098376
1459476458.36, 146.216098376
1459476458.64, 146.216098376
1459476458.73, 146.216098376
1459476458.83, 146.212392127
1459476458.93, 146.208688172
1459476459.03, 146.204981923
1459476459.13, 146.197568278
1459476459.24, 146.190153485
1459476459.34, 146.182738692
1459476459.44, 146.175323899
1459476459.54, 146.167909106
1459476459.64, 146.156786916
1459476459.74, 146.14146621
1459476459.84, 146.125123987
1459476459.94, 146.107693557
1459476460.04, 146.094204833
1459476460.14, 146.085207024
1459476460.24, 146.080712327
1459476460.35, 146.080712327
1459476460.45, 146.080712327
1459476460.55, 146.080712327
1459476460.65, 146.080712327
1459476460.75, 146.080712327
1459476460.85, 146.080712327
1459476460.95, 146.080712327
1459476461.05, 146.080712327
1459476461.16, 146.080712327
1459476461.26, 146.080712327
1459476461.36, 146.080712327
1459476461.46, 146.080712327
1459476461.56, 146.080712327
1459476461.66, 146.080712327
1459476461.76, 146.080712327
1459476461.86, 146.080712327
1459476461.96, 146.080712327
1459476462.06, 146.080712327
1459476462.16, 146.080712327
1459476462.27, 146.080712327
1459476462.37, 146.080712327
1459476462.47, 146.080712327
1459476462.57, 146.080712327
1459476462.67, 146.080712327
1459476462.77, 146.080712327
1459476462.87, 146.080712327
1459476462.97, 146.080712327
1459476463.07, 146.080712327
1459476463.17, 146.080712327
1459476463.28, 146.080712327
1459476463.38, 146.080712327
1459476463.48, 146.080712327
1459476463.58, 146.080712327
1459476463.69, 146.080712327
1459476463.78, 146.080712327
1459476463.88, 146.080712327
1459476463.98, 146.080712327
1459476464.08, 146.080712327
1459476464.19, 146.080712327
1459476464.29, 146.080712327
1459476464.39, 146.080712327
1459476464.49, 146.080712327
1459476464.59, 146.080712327
1459476464.69, 146.080712327
1459476464.79, 146.080712327
1459476464.89, 146.080712327
1459476464.99, 146.080712327
1459476465.09, 146.080712327
1459476465.19, 146.080712327
1459476465.3, 146.080712327
1459476465.4, 146.080712327
1459476465.5, 146.080712327
1459476465.6, 146.080712327
1459476465.7, 146.080712327
1459476465.8, 146.080712327
1459476465.9, 146.080712327
1459476466.0, 146.080712327
1459476466.1, 146.080712327
1459476466.21, 146.080712327
1459476466.31, 146.080712327
1459476466.41, 146.080712327
1459476466.51, 146.080712327
1459476466.61, 146.080712327
1459476466.71, 146.080712327
1459476466.81, 146.080712327
1459476466.91, 146.080712327
1459476467.01, 146.080712327
1459476467.12, 146.080712327
1459476467.21, 146.080712327
1459476467.32, 146.080712327
1459476467.42, 146.080712327
1459476467.53, 146.080712327
1459476467.62, 146.080712327
1459476467.72, 146.080712327
1459476467.82, 146.080712327
1459476467.92, 146.080712327
1459476468.02, 146.080712327
1459476468.12, 146.080712327
1459476468.22, 146.080712327
1459476468.32, 146.080712327
1459476468.43, 146.080712327
1459476468.53, 146.080712327
1459476468.63, 146.080712327
1459476468.74, 146.080712327
1459476468.83, 146.080712327
1459476468.93, 146.080712327
1459476469.03, 146.080712327
1459476469.14, 146.080712327
1459476469.24, 146.080712327
1459476469.34, 146.080712327
1459476469.44, 146.080712327
1459476469.54, 146.080712327
1459476469.64, 146.080712327
1459476469.74, 146.080712327
1459476469.84, 146.080712327
1459476469.94, 146.080712327
1459476470.04, 146.080712327
1459476470.14, 146.080712327
1459476470.24, 146.080712327
1459476470.35, 146.080712327
1459476470.45, 146.080712327
1459476470.55, 146.080712327
1459476470.65, 146.080712327
1459476470.75, 146.080712327
1459476470.85, 146.080712327
1459476470.95, 146.080712327
1459476471.05, 146.080712327
1459476471.15, 146.080712327
1459476471.26, 146.080712327
1459476471.36, 146.080712327
1459476471.46, 146.080712327
1459476471.56, 146.080712327
1459476471.66, 146.080712327
1459476471.76, 146.080712327
1459476471.86, 146.080712327
1459476471.96, 146.080712327
1459476472.06, 146.080712327
1459476472.34, 146.080712327
1459476472.43, 146.080712327
1459476472.53, 146.080712327
1459476472.64, 146.080712327
1459476472.74, 146.080712327
1459476472.84, 146.080712327
1459476472.94, 146.080712327
1459476473.04, 146.080712327
1459476473.14, 146.080712327
1459476473.24, 146.080712327
1459476473.34, 146.080712327
1459476473.44, 146.080712327
1459476473.54, 146.080712327
1459476473.64, 146.080712327
1459476473.74, 146.080712327
1459476473.85, 146.080712327
1459476473.95, 146.080712327
1459476474.05, 146.080712327
1459476474.15, 146.080712327
1459476474.25, 146.080712327
1459476474.35, 146.080712327
1459476474.45, 146.080712327
1459476474.55, 146.080712327
1459476474.65, 146.080712327
1459476474.75, 146.080712327
1459476474.87, 146.080712327
1459476474.96, 146.080712327
1459476475.06, 146.080712327
1459476475.16, 146.080712327
1459476475.26, 146.080712327
1459476475.36, 146.080712327
1459476475.46, 146.080712327
1459476475.56, 146.080712327
1459476475.66, 146.080712327
1459476475.77, 146.080712327
1459476475.87, 146.080712327
1459476475.97, 146.080712327
1459476476.07, 146.080712327
1459476476.17, 146.080712327
1459476476.27, 146.080712327
1459476476.37, 146.080712327
1459476476.47, 146.080712327
1459476476.57, 146.080712327
1459476476.67, 146.080712327
1459476476.77, 146.080712327
1459476476.88, 146.080712327
1459476476.98, 146.080712327
1459476477.08, 146.080712327
1459476477.18, 146.080712327
1459476477.28, 146.080712327
1459476477.39, 146.080712327
1459476477.48, 146.080712327
1459476477.58, 146.080712327
1459476477.68, 146.080712327
1459476477.79, 146.080712327
1459476477.89, 146.080712327
1459476477.99, 146.080712327
1459476478.09, 146.080712327
1459476478.19, 146.080712327
1459476478.29, 146.080712327
1459476478.39, 146.080712327
1459476478.49, 146.080712327
1459476478.59, 146.080712327
1459476478.69, 146.080712327
1459476478.8, 146.080712327
1459476478.9, 146.080712327
1459476479.0, 146.080712327
1459476479.1, 146.080712327
1459476479.2, 146.080712327
1459476479.3, 146.080712327
1459476479.4, 146.080712327
1459476479.5, 146.080712327
1459476479.6, 146.080712327
1459476479.7, 146.080712327
1459476479.8, 146.080712327
1459476479.92, 146.080712327
1459476480.01, 146.080712327
1459476480.11, 146.080712327
1459476480.21, 146.080712327
1459476480.31, 146.080712327
1459476480.41, 146.080712327
1459476480.51, 146.080712327
1459476480.61, 146.080712327
1459476480.71, 146.080712327
1459476480.82, 146.080712327
1459476480.92, 146.080712327
1459476481.02, 146.080712327
1459476481.12, 146.080712327
1459476481.22, 146.080712327
1459476481.32, 146.080712327
1459476481.42, 146.080712327
1459476481.52, 146.080712327
1459476481.62, 146.080712327
1459476481.72, 146.080712327
1459476481.82, 146.080712327
1459476481.93, 146.080712327
1459476482.03, 146.080712327
1459476482.13, 146.080712327
1459476482.23, 146.080712327
1459476482.33, 146.080712327
1459476482.44, 146.080712327
1459476482.53, 146.080712327
1459476482.63, 146.080712327
1459476482.73, 146.080712327
1459476482.84, 146.080712327
1459476482.94, 146.080712327
1459476483.04, 146.080712327
1459476483.14, 146.080712327
1459476483.24, 146.080712327
1459476483.34, 146.080712327
1459476483.44, 146.080712327
1459476483.54, 146.080712327
1459476483.64, 146.080712327
1459476483.74, 146.080712327
1459476483.85, 146.080712327
1459476483.95, 146.080712327
1459476484.05, 146.080712327
1459476484.15, 146.080712327
1459476484.25, 146.080712327
1459476484.35, 146.080712327
1459476484.45, 146.080712327
1459476484.55, 146.080712327
1459476484.65, 146.080712327
1459476484.76, 146.080712327
1459476484.85, 146.080712327
